service_id,date,exception_type
230,20181225,2
235,20190101,1
234,20181225,1
14197,20181225,1
265,20190101,1
263,20181225,1
243,20190101,1
241,20181225,2
298,20190122,2
298,20190123,2
298,20190124,2
298,20190125,2
182,20181201,1
192,20181202,1
632,20181105,1
34,20181225,2
34,20190101,2
57,20181225,2
57,20190101,2
44,20181225,1
44,20190101,1
71,20181225,1
71,20190101,1
362,20190120,1
361,20190119,1
413,20181107,1
450,20181224,2
450,20181225,2
450,20181231,2
450,20190101,2
425,20181224,2
425,20181225,2
425,20181231,2
425,20190101,2
767,20181224,1
767,20181225,1
767,20181231,1
767,20190101,1
769,20181224,2
769,20181225,2
769,20181231,2
769,20190101,2
721,20181128,1
738,20181224,1
738,20181225,1
738,20181231,1
738,20190101,1
480,20181226,1
480,20190102,1
480,20181224,2
480,20181231,2
727,20181224,2
727,20181225,2
727,20181231,2
727,20190101,2
728,20181224,2
728,20181225,2
728,20181226,2
728,20181227,2
728,20181228,2
728,20181231,2
728,20190101,2
728,20190102,2
728,20190103,2
728,20190104,2
832,20181224,2
832,20181231,2
37,20181225,1
37,20190101,1
821,20181225,1
821,20190101,1
824,20181224,2
824,20181225,2
824,20181231,2
824,20190101,2
486,20181226,2
486,20190102,2
839,20190102,1
839,20181231,2
839,20190101,2
839,20181224,2
839,20181225,2
778,20181117,1
942,20181210,1
942,20181211,1
942,20181212,1
942,20181213,1
942,20181214,1
836,20181224,1
836,20181225,1
836,20181231,1
836,20190101,1
835,20181223,2
835,20181230,2
831,20181224,1
831,20181225,1
831,20181231,1
831,20190101,1
822,20181224,2
822,20181225,2
822,20181226,2
822,20181231,2
822,20190101,2
822,20190102,2
833,20181224,1
833,20181225,1
833,20181231,1
833,20190101,1
825,20181224,2
825,20181225,2
825,20181226,2
825,20181227,2
825,20181228,2
825,20181231,2
825,20190101,2
825,20190102,2
825,20190103,2
825,20190104,2
830,20181224,2
830,20181225,2
830,20181227,2
830,20181228,2
830,20181231,2
830,20190101,2
830,20190103,2
830,20190104,2
428,20181224,1
428,20181225,1
428,20181231,1
428,20190101,1
83,20181225,2
83,20181226,2
83,20190101,2
83,20190102,2
1747,20181209,1
1022,20181118,1
1264,20181126,1
1264,20181127,1
1264,20181128,1
1264,20181129,1
1264,20181130,1
1264,20181203,1
1264,20181204,1
1264,20181205,1
1264,20181206,1
1264,20181207,1
1332,20181110,1
434,20181224,1
434,20181231,1
974,20181130,1
441,20181224,2
441,20181231,2
1288,20181224,2
1288,20181225,2
1288,20181231,2
1288,20190101,2
1353,20181226,1
1353,20190102,1
1353,20181224,2
1353,20181231,2
1354,20181225,2
1354,20181226,2
1354,20190101,2
1354,20190102,2
1355,20181224,1
1355,20181231,1
866,20181224,2
866,20181231,2
863,20181228,2
863,20190104,2
1358,20181230,2
1358,20190106,2
1445,20181109,1
1450,20181110,2
726,20181105,1
726,20181106,1
726,20181107,1
726,20181108,1
726,20181109,1
726,20181203,1
726,20181204,1
726,20181205,1
726,20181206,1
726,20181207,1
1434,20181224,2
1434,20181231,2
1404,20181225,2
1404,20190101,2
1431,20181225,1
1431,20190101,1
36,20181226,1
36,20190102,1
1444,20181225,2
1444,20190101,2
1437,20181228,2
1437,20190104,2
1438,20181224,2
1438,20181225,2
1438,20181226,2
1438,20181227,2
1438,20181231,2
1438,20190101,2
1438,20190102,2
1438,20190103,2
1439,20181226,2
1439,20190102,2
1440,20181210,1
1440,20181211,1
1440,20181212,1
1440,20181213,1
1440,20181214,1
1440,20181215,1
1440,20181217,1
1440,20181218,1
1440,20181219,1
1440,20181220,1
1440,20181221,1
1440,20181222,2
1441,20181224,2
1441,20181225,2
1441,20181227,2
1441,20181231,2
1441,20190101,2
1441,20190103,2
1442,20181223,2
1442,20181230,2
1545,20181224,1
1545,20181231,1
1476,20181224,1
1476,20181225,1
1476,20181226,1
1476,20181227,1
1476,20181231,1
1476,20190101,1
1476,20190102,1
1476,20190103,1
1480,20181224,1
1480,20181225,1
1480,20181226,1
1480,20181227,1
1480,20181231,1
1480,20190101,1
1480,20190102,1
1480,20190103,1
1475,20181224,1
1475,20181226,1
1475,20181227,1
1475,20181231,1
1475,20190102,1
1475,20190103,1
1448,20181225,1
1448,20190101,1
770,20181225,2
770,20181226,2
770,20190101,2
770,20190102,2
1477,20181224,1
1477,20181225,1
1477,20181226,1
1477,20181227,1
1477,20181228,1
1477,20181231,1
1477,20190101,1
1477,20190102,1
1477,20190103,1
1477,20190104,1
14199,20181222,1
14199,20181224,1
14199,20181225,1
14199,20181226,1
14199,20181227,1
14199,20181229,1
14199,20181231,1
14199,20190101,1
14199,20190102,1
14199,20190103,1
14199,20190105,1
7653,20181222,1
7653,20181224,1
7653,20181225,1
7653,20181226,1
7653,20181227,1
7653,20181229,1
7653,20181231,1
7653,20190101,1
7653,20190102,1
7653,20190103,1
7653,20190105,1
1744,20181225,2
1744,20190101,2
1750,20181225,1
1750,20190101,1
1736,20181224,2
1736,20181225,2
1736,20181226,2
1736,20181227,2
1736,20181228,2
1736,20181231,2
1736,20190101,2
1736,20190102,2
1736,20190103,2
1736,20190104,2
1640,20181225,1
1640,20190101,1
1466,20181225,2
1466,20190101,2
5779,20181228,1
5779,20190104,1
5778,20181214,1
5778,20181221,1
5777,20190106,1
694,20181208,1
1049,20190108,1
1049,20181224,1
1049,20181226,1
1049,20181227,1
1049,20181228,1
1049,20181231,1
1049,20190102,1
1049,20190103,1
1049,20190104,1
1049,20190107,1
1049,20190109,1
1049,20190110,1
1049,20190111,1
2586,20181223,2
2586,20181230,2
2586,20190106,2
2587,20181225,1
2587,20190101,1
2353,20181207,1
2362,20181202,1
2369,20181206,1
695,20181206,1
1074,20181124,1
936,20181125,1
2596,20181224,1
2596,20181225,1
2596,20181226,1
2596,20181227,1
2596,20181228,1
2596,20181231,1
2596,20190101,1
2596,20190102,1
2596,20190103,1
2596,20190104,1
2595,20181210,1
2595,20181211,1
2595,20181212,1
2595,20181213,1
2595,20181214,1
2595,20181217,1
2595,20181218,1
2595,20181219,1
2595,20181220,1
2595,20181221,1
2595,20181223,1
2595,20181224,1
2595,20181225,1
2595,20181226,1
2595,20181227,1
2595,20181228,1
2595,20181229,1
2595,20181230,1
2595,20181231,1
2595,20190101,1
2595,20190102,1
2595,20190103,1
2595,20190104,1
2595,20190105,1
2595,20190106,1
2595,20181222,2
73,20181224,2
73,20181225,2
73,20181226,2
73,20181227,2
73,20181228,2
73,20181231,2
73,20190101,2
73,20190102,2
73,20190103,2
73,20190104,2
1743,20181223,2
1743,20181230,2
2469,20181225,2
2469,20190101,2
747,20181225,2
747,20190101,2
2125,20181123,1
2575,20181224,1
2575,20181225,1
2575,20181226,1
2575,20181229,1
2575,20181231,1
2575,20190101,1
2575,20190102,1
2575,20190105,1
2576,20181228,2
2576,20190104,2
1951,20190107,1
1951,20190108,1
1951,20190109,1
1951,20190110,1
1951,20190111,1
1951,20190114,1
1951,20190115,1
1951,20190116,1
1951,20190117,1
1951,20190118,1
2597,20181224,2
2597,20181231,2
1639,20181225,1
1639,20190101,1
1344,20181225,1
1344,20190101,1
884,20181224,1
884,20181225,1
884,20181226,1
884,20181227,1
884,20181228,1
884,20181231,1
884,20190101,1
884,20190102,1
884,20190103,1
884,20190104,1
2611,20190201,1
2611,20181224,1
2611,20181225,1
2611,20181226,1
2611,20181227,1
2611,20181228,1
2611,20181231,1
2611,20190101,1
2611,20190102,1
2611,20190103,1
2611,20190104,1
2618,20181203,1
2617,20181203,1
2617,20181120,1
2617,20181121,1
2617,20181122,1
2617,20181123,1
2617,20181127,1
2617,20181128,1
2617,20181129,1
2617,20181130,1
2617,20181204,1
2617,20181205,1
2617,20181206,1
2617,20181207,1
1259,20181225,2
1259,20190101,2
2683,20181224,1
2683,20181225,1
2683,20181231,1
2683,20190101,1
2686,20181116,1
1717,20181111,1
2843,20181117,1
2869,20190106,1
2869,20190120,1
2869,20190203,1
2869,20181209,1
2875,20190121,1
2875,20190122,1
2875,20190123,1
2875,20190124,1
2875,20190125,1
2875,20190128,1
2875,20190129,1
2875,20190130,1
2875,20190131,1
2875,20190201,1
3183,20181114,1
1829,20181108,1
631,20181112,1
3182,20181112,1
3429,20181124,1
3429,20181125,1
3429,20181203,1
3262,20181118,2
3544,20181225,2
3544,20190101,2
3449,20190114,1
3448,20190114,1
3265,20190101,2
3265,20181225,2
3265,20181226,2
3283,20181225,1
3283,20181226,1
3283,20190101,1
3264,20181225,1
3264,20181226,1
3264,20190101,1
3418,20181119,2
842,20181224,2
842,20181231,2
99,20181231,2
99,20190101,2
99,20181224,2
99,20181225,2
99,20181226,2
99,20181227,2
99,20181228,2
3440,20181231,2
3440,20190101,2
3440,20181224,2
3440,20181225,2
3440,20181226,2
3440,20181227,2
3440,20181228,2
3326,20190101,2
3326,20181225,2
3326,20181226,2
3540,20181225,2
3540,20190101,2
3538,20190102,1
3553,20181225,2
3553,20190101,2
3554,20190102,1
1737,20181228,2
1737,20190104,2
1735,20181224,2
1735,20181231,2
3290,20190101,2
3290,20181225,2
3290,20181226,2
1874,20190101,2
1874,20181225,2
1874,20181226,2
3557,20181209,1
3557,20181210,1
3557,20181211,1
3557,20181212,1
3557,20181213,1
3557,20181214,1
3557,20181216,1
3557,20181217,1
3557,20181218,1
3557,20181219,1
3557,20181220,1
3557,20181221,1
3557,20181223,1
3557,20181224,1
3557,20181225,1
3557,20181226,1
3557,20181227,1
3557,20181228,1
3557,20181230,1
3548,20181225,1
3548,20190101,1
2337,20181226,2
2337,20190102,2
2322,20181224,2
2322,20181225,2
2322,20181227,2
2322,20181228,2
2322,20181231,2
2322,20190101,2
2322,20190103,2
2322,20190104,2
3559,20181226,1
3559,20190102,1
3559,20181225,2
3559,20190101,2
3629,20181124,2
3592,20181228,1
3592,20190104,1
3578,20181228,2
3578,20190104,2
3606,20181223,2
3606,20181230,2
3713,20181228,1
3713,20181225,2
3708,20190104,1
3711,20181225,1
3711,20181228,2
1571,20181111,1
1670,20181209,1
1670,20181215,1
1670,20181216,1
1670,20181222,1
1670,20181223,1
1641,20181209,1
1641,20181216,1
1641,20181223,1
3957,20190107,1
3957,20181210,1
3957,20181217,1
3956,20181224,1
3956,20181231,1
3956,20181225,2
3956,20181226,2
3956,20190101,2
3956,20190102,2
2656,20181226,1
2656,20190102,1
2656,20181224,2
2656,20181231,2
6499,20181225,1
6499,20190101,1
6491,20181225,1
6491,20190101,1
6503,20181225,1
6503,20190101,1
6490,20181222,1
6489,20190101,1
6496,20190101,2
3353,20181224,1
6498,20181224,2
3778,20190101,2
1693,20181225,2
2878,20181231,1
3911,20181225,1
6501,20181225,1
6501,20181215,2
6493,20181210,2
6493,20181211,2
468,20181225,2
6500,20190101,1
444,20181225,1
444,20190101,1
643,20181225,2
643,20190101,2
1608,20181225,2
1608,20181226,2
1608,20190101,2
1608,20190102,2
1602,20181226,1
1602,20190102,1
3967,20181117,1
3967,20181201,1
3968,20181116,1
3968,20181130,1
3969,20181113,1
4060,20181211,1
4066,20181214,1
4061,20181210,1
4071,20181226,1
3981,20181225,1
3981,20181226,1
3981,20190101,1
4008,20190101,2
4008,20181225,2
4008,20181226,2
4047,20190121,1
4047,20190122,1
4047,20190123,1
4047,20190124,1
4047,20190125,1
4047,20181231,1
4047,20190102,1
4047,20190103,1
4047,20190104,1
4047,20181224,1
4047,20181227,1
4047,20181228,1
4047,20190128,1
4047,20190129,1
4047,20190130,1
4047,20190131,1
4047,20190201,1
3277,20181231,2
3277,20190101,2
3277,20181224,2
3277,20181225,2
3277,20181226,2
3277,20181227,2
3277,20181228,2
1393,20181203,1
1393,20181204,1
1393,20181205,1
1393,20181206,1
1393,20181207,1
3974,20181203,1
3974,20181204,1
3974,20181206,1
3974,20181207,1
3974,20181121,1
3974,20181128,1
3974,20181205,1
1777,20181111,1
4068,20181208,1
2783,20181229,2
2783,20190105,2
3529,20190102,1
3529,20190101,2
3529,20181225,2
4069,20190109,1
4069,20181212,1
4069,20190123,1
4075,20181224,2
4075,20181225,2
4075,20181227,2
4075,20181228,2
4075,20181231,2
4075,20190101,2
4075,20190103,2
4075,20190104,2
846,20181226,2
846,20190102,2
4090,20181208,1
4087,20181202,1
4087,20181208,1
4098,20181205,1
4072,20181224,1
4072,20181227,1
4072,20181228,1
4072,20181231,1
4073,20190101,2
4073,20181225,2
4073,20181226,2
4079,20181201,2
4114,20190101,2
4114,20181225,2
4114,20181226,2
4115,20181231,2
4115,20190101,2
4115,20181224,2
4115,20181225,2
4115,20181226,2
4115,20181227,2
4115,20181228,2
4076,20181229,2
4076,20190105,2
4080,20181226,2
4080,20181229,2
4080,20190102,2
4080,20190105,2
4081,20181226,2
4081,20181229,2
4081,20190102,2
4081,20190105,2
4023,20181225,1
4023,20181226,1
4023,20190101,1
4077,20190102,1
4078,20181224,2
4078,20181225,2
4078,20181226,2
4078,20181227,2
4078,20181231,2
4078,20190101,2
4078,20190102,2
4078,20190103,2
4084,20181231,2
4084,20181224,2
4084,20181225,2
4083,20181224,1
4083,20181225,1
4083,20181231,1
4099,20181231,2
4099,20190101,2
4099,20181224,2
4099,20181225,2
4099,20181226,2
4093,20181224,2
4093,20181225,2
4093,20181226,2
4093,20181227,2
4093,20181228,2
4093,20181231,2
4093,20190101,2
4093,20190102,2
4093,20190103,2
4093,20190104,2
4096,20181226,2
4096,20190102,2
4116,20190101,2
4116,20181225,2
4116,20181226,2
4120,20181224,2
4120,20181225,2
4120,20181226,2
4120,20181227,2
4120,20181228,2
4120,20181229,2
4120,20181231,2
4120,20190101,2
4120,20190102,2
4120,20190103,2
4120,20190104,2
4120,20190105,2
4357,20181203,1
4371,20181203,2
4264,20181122,2
4279,20181203,1
4279,20181208,1
4277,20181201,2
2668,20181225,2
2668,20190101,2
4359,20181225,2
4359,20190101,2
4250,20181215,1
4255,20181221,1
4255,20181209,1
4255,20181214,1
4255,20181216,1
4255,20181228,2
4255,20181230,2
4255,20190104,2
4255,20190106,2
4273,20181223,2
4273,20181224,2
4273,20181225,2
4273,20181226,2
4273,20181227,2
4273,20181228,2
4273,20181230,2
4273,20181231,2
4273,20190101,2
4273,20190102,2
4273,20190103,2
4273,20190104,2
4273,20190106,2
4259,20181222,2
4259,20181223,2
4259,20181224,2
4259,20181225,2
4259,20181226,2
4259,20181227,2
4259,20181228,2
4259,20181229,2
4259,20181230,2
4259,20181231,2
4259,20190101,2
4259,20190102,2
4259,20190103,2
4259,20190104,2
4259,20190105,2
4259,20190106,2
4258,20181223,2
4258,20181230,2
4258,20190106,2
4252,20181224,2
4252,20181225,2
4252,20181226,2
4252,20181227,2
4252,20181228,2
4252,20181231,2
4252,20190101,2
4252,20190102,2
4252,20190103,2
4252,20190104,2
4270,20181224,2
4270,20181225,2
4270,20181226,2
4270,20181227,2
4270,20181228,2
4270,20181231,2
4270,20190101,2
4270,20190102,2
4270,20190103,2
4270,20190104,2
4248,20181224,2
4248,20181231,2
4249,20181210,1
4249,20181211,1
4249,20181212,1
4249,20181213,1
4249,20181215,1
4249,20181217,1
4249,20181218,1
4249,20181219,1
4249,20181220,1
4249,20181222,2
4274,20181226,2
4274,20181228,2
4274,20190102,2
4274,20190104,2
4256,20181228,2
4256,20190104,2
4280,20181225,2
4280,20181226,2
4280,20181227,2
4280,20181228,2
4280,20190101,2
4280,20190102,2
4280,20190103,2
4280,20190104,2
4263,20181224,2
4263,20181225,2
4263,20181226,2
4263,20181227,2
4263,20181231,2
4263,20190101,2
4263,20190102,2
4263,20190103,2
4261,20181222,2
4261,20181223,2
4261,20181229,2
4261,20181230,2
4261,20190105,2
4261,20190106,2
4315,20181215,1
4315,20181216,1
4283,20181222,2
4283,20181223,2
4283,20181229,2
4283,20181230,2
4283,20190105,2
4283,20190106,2
4281,20181217,1
4281,20181209,1
4281,20181210,1
4281,20181215,1
4281,20181216,1
4281,20181224,2
4281,20181229,2
4281,20181230,2
4281,20181231,2
4281,20190105,2
4281,20190106,2
4257,20181215,1
4257,20181216,1
4257,20181222,1
4257,20181209,1
4269,20181224,2
4269,20181231,2
4265,20181224,2
4265,20181227,2
4265,20181231,2
4265,20190103,2
4158,20181210,1
4158,20181211,1
4158,20181212,1
4158,20181213,1
4158,20181214,1
4158,20181215,1
4158,20181217,1
4158,20181218,1
4158,20181219,1
4158,20181220,1
4158,20181221,1
4158,20181222,2
4310,20181224,2
4310,20181225,2
4310,20181226,2
4310,20181227,2
4310,20181228,2
4310,20181231,2
4310,20190101,2
4310,20190102,2
4310,20190103,2
4310,20190104,2
4317,20181111,2
4318,20181225,2
4318,20190101,2
4350,20181225,2
4350,20190101,2
4358,20181224,2
4358,20181225,2
4358,20181227,2
4358,20181228,2
4358,20181231,2
4358,20190101,2
4358,20190103,2
4358,20190104,2
4354,20181224,2
4354,20181225,2
4354,20181226,2
4354,20181227,2
4354,20181228,2
4354,20181231,2
4354,20190101,2
4354,20190102,2
4354,20190103,2
4354,20190104,2
4366,20181224,2
4366,20181225,2
4366,20181227,2
4366,20181228,2
4366,20181231,2
4366,20190101,2
4366,20190103,2
4366,20190104,2
4355,20181224,2
4355,20181231,2
4356,20190102,1
4356,20181231,2
2470,20181225,1
2470,20190101,1
4482,20181116,1
7674,20181111,1
970,20181109,1
461,20181110,1
14202,20181207,1
7132,20181208,1
7402,20181208,1
7671,20181110,1
14203,20181208,1
1018,20181111,1
14205,20181201,2
7683,20181201,2
7683,20181202,2
4477,20181130,1
4477,20181127,2
4450,20181114,2
4447,20181105,1
4447,20181106,1
4447,20181107,1
4447,20181108,1
4583,20181107,1
4583,20181121,1
13254,20181210,1
13254,20181211,1
13254,20181212,1
13254,20181213,1
13254,20181224,1
13254,20181226,1
13254,20181227,1
13254,20190125,1
13254,20190126,1
13254,20190201,1
13254,20190202,1
13254,20181231,1
13254,20190102,1
13254,20190103,1
13254,20190105,1
13254,20190112,1
13254,20190119,1
13256,20181224,2
13256,20181225,2
13256,20181226,2
13256,20181227,2
13256,20181231,2
13256,20190101,2
13256,20190102,2
13256,20190103,2
13281,20190114,1
13281,20190115,1
13281,20190116,1
13281,20190117,1
13281,20190102,1
13281,20190103,1
13281,20190128,1
13281,20190129,1
13281,20190130,1
13281,20190131,1
1651,20181225,2
1651,20190101,2
6188,20181224,2
6188,20181225,2
6188,20181231,2
6188,20190101,2
13269,20181225,2
13269,20190101,2
5992,20181225,1
5992,20190101,1
13282,20181224,1
13282,20181226,1
13282,20181227,1
13282,20181228,1
13282,20181229,1
13282,20181231,1
13282,20190102,1
13282,20190103,1
13282,20190104,1
13282,20190105,1
13282,20190107,1
6644,20181225,2
6644,20190101,2
4421,20181130,1
4496,20181228,2
4496,20190104,2
1741,20181225,2
1741,20190101,2
4489,20181224,2
4489,20181225,2
4489,20181227,2
4489,20181228,2
4489,20181231,2
4489,20190101,2
4489,20190103,2
4489,20190104,2
1698,20181225,2
1698,20190101,2
2341,20181210,1
2341,20181211,1
2341,20181212,1
2341,20181213,1
2341,20181214,1
2341,20181215,1
2341,20181217,1
2341,20181218,1
2341,20181219,1
2341,20181220,1
2341,20181221,1
2341,20181222,2
4497,20181219,1
4497,20181212,1
4497,20181215,1
2333,20181215,1
4495,20181224,2
4495,20181225,2
4495,20181226,2
4495,20181227,2
4495,20181228,2
4495,20181231,2
4495,20190101,2
4495,20190102,2
4495,20190103,2
4495,20190104,2
4512,20181110,1
4507,20181223,2
4507,20181230,2
4507,20190106,2
2166,20181224,2
2166,20181225,2
2166,20181227,2
2166,20181231,2
2166,20190101,2
2166,20190103,2
2326,20181225,1
2326,20190101,1
4501,20181224,2
4501,20181231,2
4519,20181111,2
4520,20181225,2
4520,20190101,2
14209,20181225,1
14209,20190101,1
14209,20190119,2
14209,20190120,2
14210,20190119,2
14211,20181225,2
14211,20190101,2
14212,20181210,1
14212,20181211,1
14212,20181212,1
14212,20181213,1
14212,20181214,1
14212,20181215,1
14212,20181217,1
14212,20181218,1
14212,20181219,1
14212,20181220,1
14212,20181221,1
14212,20181222,1
14212,20181224,1
14212,20181226,1
14212,20181227,1
14212,20181228,1
14212,20181229,1
14212,20181231,1
14212,20190102,1
14212,20190103,1
14212,20190104,1
14212,20190105,1
14212,20190119,2
14213,20190119,2
14213,20190120,2
14214,20190120,2
14215,20181225,2
14215,20190101,2
14216,20181224,2
14216,20181225,2
14216,20181231,2
14216,20190101,2
14217,20181225,1
14217,20190101,1
14217,20190120,2
14218,20181225,2
14218,20190101,2
14219,20181225,1
14219,20190101,1
14219,20190119,2
14219,20190120,2
13245,20190119,2
13244,20181225,2
13244,20181226,2
13244,20181227,2
13244,20190101,2
13244,20190102,2
13244,20190103,2
13222,20190119,2
13222,20190120,2
6415,20181224,2
6415,20181225,2
6415,20181231,2
6415,20190101,2
13248,20181224,2
13248,20181225,2
13248,20181226,2
13248,20181227,2
13248,20181231,2
13248,20190101,2
13248,20190102,2
13248,20190103,2
6455,20181225,1
6455,20190101,1
6455,20190120,2
13246,20190101,1
14221,20181225,1
14221,20190101,1
14221,20190120,2
14222,20181225,2
14222,20190101,2
13228,20181225,1
13228,20190101,1
13228,20190120,2
14223,20181225,2
14223,20190101,2
6394,20190119,2
14224,20181225,1
14224,20190101,1
14224,20190120,2
14225,20181225,1
14225,20190101,1
14225,20190120,2
14226,20181225,1
14226,20190101,1
14226,20190120,2
14227,20181224,2
14227,20181225,2
14227,20181231,2
14227,20190101,2
14228,20190119,2
14228,20190120,2
14229,20181225,2
14229,20190101,2
14230,20181210,1
14230,20181211,1
14230,20181212,1
14230,20181213,1
14230,20181214,1
14230,20181215,1
14230,20181217,1
14230,20181218,1
14230,20181219,1
14230,20181220,1
14230,20181221,1
14230,20181222,1
14230,20181224,1
14230,20181226,1
14230,20181227,1
14230,20181228,1
14230,20181229,1
14230,20181231,1
14230,20190102,1
14230,20190103,1
14230,20190104,1
14230,20190105,1
14230,20190119,2
14231,20190120,2
14232,20181225,1
14232,20190101,1
14232,20190120,2
6406,20181210,1
6406,20181211,1
6406,20181212,1
6406,20181213,1
6406,20181214,1
6406,20181215,1
6406,20181217,1
6406,20181218,1
6406,20181219,1
6406,20181220,1
6406,20181221,1
6406,20181222,1
6406,20181224,1
6406,20181226,1
6406,20181227,1
6406,20181228,1
6406,20181229,1
6406,20181231,1
6406,20190102,1
6406,20190103,1
6406,20190104,1
6406,20190105,1
6406,20190119,2
14233,20190119,2
14233,20190120,2
14234,20190119,2
6407,20181225,2
6407,20190101,2
14235,20181225,2
14235,20190101,2
14236,20181225,2
14236,20190101,2
14237,20181225,2
14237,20190101,2
14238,20190119,2
6390,20181225,1
6390,20190101,1
6390,20190120,2
14240,20190119,2
6400,20181224,2
6400,20181225,2
6400,20181231,2
6400,20190101,2
14244,20181225,2
14244,20181226,2
14244,20190101,2
14244,20190102,2
14245,20181225,1
14245,20190101,1
14245,20190120,2
14246,20181226,1
14246,20190102,1
14246,20181224,2
14246,20181231,2
14247,20181225,2
14247,20190101,2
14248,20181225,2
14248,20190101,2
6388,20181215,1
6388,20181222,1
6388,20190112,1
6388,20181224,1
6388,20181229,1
6388,20181231,1
6388,20190105,1
14250,20181225,2
14250,20190101,2
14251,20181224,2
14251,20181225,2
14251,20181231,2
14251,20190101,2
14252,20190119,2
14252,20190120,2
14253,20181225,2
14253,20190101,2
14254,20190119,2
14254,20190120,2
14255,20181225,2
14255,20190101,2
14256,20190119,2
14257,20190119,2
14258,20190119,2
14260,20181226,1
14260,20190102,1
14261,20190120,2
14262,20190120,2
14262,20181224,2
14262,20181231,2
14263,20181225,2
14263,20190101,2
14264,20181225,2
14264,20190101,2
14266,20190119,2
14266,20190120,2
14267,20190120,2
14268,20190120,2
14269,20190119,2
14269,20190120,2
14270,20181224,2
14270,20181225,2
14270,20181231,2
14270,20190101,2
14271,20181225,2
14271,20190101,2
14272,20181225,1
14272,20190101,1
14272,20190120,2
14273,20181225,1
14273,20190101,1
14273,20190120,2
14274,20190119,2
14275,20181225,2
14275,20181226,2
14275,20190101,2
14275,20190102,2
14276,20190119,2
14277,20190119,2
14279,20181225,2
14279,20190101,2
1941,20181106,1
5823,20181225,2
5823,20190101,2
5816,20181225,2
5816,20190101,2
5954,20181225,1
5954,20190101,1
6414,20181126,2
6414,20181127,2
6414,20181128,2
6414,20181129,2
14298,20181126,2
14298,20181127,2
14298,20181128,2
14298,20181129,2
14298,20181130,2
14310,20181208,1
6398,20181111,2
14354,20181111,2
14359,20181208,1
14360,20190119,2
14361,20190119,2
14362,20181225,2
14362,20190101,2
6447,20181225,1
6447,20190101,1
6447,20190120,2
14363,20181226,1
14363,20190102,1
14363,20181224,2
14363,20181231,2
14364,20181225,1
14364,20190101,1
14364,20190119,2
14364,20190120,2
14365,20181225,2
14365,20190101,2
14366,20190119,2
6460,20190120,2
6481,20181225,1
6481,20190101,1
6481,20190119,2
6481,20190120,2
6448,20181225,2
6448,20190101,2
14367,20190119,2
14367,20190120,2
14368,20181222,1
14368,20181210,1
14368,20181211,1
14368,20181212,1
14368,20181213,1
14368,20181214,1
14368,20181217,1
14368,20181218,1
14368,20181219,1
14368,20181220,1
14368,20181221,1
14368,20181224,1
14368,20181226,1
14368,20181227,1
14368,20181228,1
14368,20181231,1
14368,20190102,1
14368,20190103,1
14368,20190104,1
14370,20181225,2
14370,20190101,2
14371,20190119,2
14371,20190120,2
14372,20181225,2
14372,20190101,2
14373,20181225,1
14373,20190101,1
14373,20190120,2
14374,20181225,1
14374,20190101,1
14374,20190120,2
14375,20190119,2
14378,20190119,2
14378,20190120,2
14379,20190119,2
14380,20181225,2
14380,20190101,2
14381,20190119,2
14382,20181225,2
14382,20190101,2
14384,20190119,2
14384,20190120,2
14385,20181224,2
14385,20181225,2
14385,20181231,2
14385,20190101,2
14386,20190119,2
14387,20181225,1
14387,20190101,1
14387,20190119,2
14387,20190120,2
14388,20181225,1
14388,20190101,1
14388,20190119,2
14388,20190120,2
14389,20190120,2
14390,20181225,1
14390,20190101,1
14390,20190119,2
14390,20190120,2
14391,20181225,1
14391,20190101,1
14391,20190120,2
14392,20190119,2
14393,20181224,2
14393,20181225,2
14393,20181231,2
14393,20190101,2
14395,20190119,2
14395,20190120,2
14396,20181225,2
14396,20190101,2
14397,20181210,1
14397,20181211,1
14397,20181212,1
14397,20181213,1
14397,20181214,1
14397,20181215,1
14397,20181217,1
14397,20181218,1
14397,20181219,1
14397,20181220,1
14397,20181221,1
14397,20181222,1
14397,20181224,1
14397,20181226,1
14397,20181227,1
14397,20181228,1
14397,20181229,1
14397,20181231,1
14397,20190102,1
14397,20190103,1
14397,20190104,1
14397,20190105,1
14397,20190119,2
14398,20181225,1
14398,20190101,1
14398,20190119,2
14398,20190120,2
14399,20181225,2
14399,20190101,2
14400,20181225,1
14400,20190101,1
14400,20190119,2
14400,20190120,2
14401,20181225,2
14401,20190101,2
14402,20181225,2
14402,20190101,2
14404,20181225,2
14404,20190101,2
14405,20181225,2
14405,20190101,2
14406,20181225,1
14406,20190101,1
14406,20190119,2
14406,20190120,2
14407,20181225,1
14407,20190101,1
14407,20190120,2
142,20181110,1
1715,20181203,1
1254,20181124,1
1254,20181125,1
1254,20181201,1
1254,20181202,1
1254,20181208,1
1348,20181126,1
6529,20181126,1
6531,20181109,1
6531,20181125,2
6522,20181108,1
6522,20181109,1
6522,20181119,2
6522,20181120,2
6522,20181121,2
6522,20181122,2
6327,20181117,2
6327,20181118,2
6327,20181110,2
6327,20181111,2
6520,20181108,2
6520,20181109,2
6574,20181117,2
6574,20181110,2
6540,20181119,2
6540,20181120,2
6540,20181121,2
6540,20181122,2
6540,20181123,2
6540,20181125,2
6540,20181112,2
6540,20181113,2
6540,20181114,2
6540,20181115,2
6540,20181117,2
6540,20181118,2
6540,20181110,2
6540,20181111,2
6563,20181105,1
6563,20181106,1
6563,20181107,1
6563,20181108,1
6563,20181109,1
6563,20181112,1
6563,20181113,1
6563,20181114,1
6563,20181115,1
6563,20181116,1
6605,20181108,1
6605,20181109,1
6605,20181119,2
6605,20181120,2
6605,20181121,2
6605,20181122,2
6605,20181123,2
6516,20181124,1
6512,20181105,1
6512,20181106,1
6512,20181107,1
6512,20181108,1
6512,20181109,1
6512,20181112,1
6512,20181113,1
6512,20181114,1
6512,20181115,1
6512,20181116,1
6526,20181106,2
6526,20181107,2
6526,20181120,2
6526,20181121,2
6526,20181122,2
6526,20181113,2
6526,20181114,2
6526,20181115,2
6526,20181116,2
6584,20181123,2
6586,20181202,1
3512,20181105,1
6536,20181105,1
6536,20181106,1
6536,20181107,1
6536,20181108,1
6536,20181109,1
6536,20181112,1
6536,20181113,1
6536,20181114,1
6536,20181115,1
6536,20181116,1
6569,20181117,2
6569,20181110,2
6604,20181119,2
6604,20181120,2
6604,20181121,2
6604,20181122,2
6604,20181123,2
6604,20181116,2
6604,20181117,2
6604,20181118,2
6604,20181110,2
6604,20181111,2
6555,20181109,1
6555,20181119,2
6555,20181120,2
6555,20181121,2
6555,20181122,2
6555,20181123,2
6521,20181224,2
6521,20181225,2
6521,20181231,2
6521,20190101,2
6533,20181221,1
6533,20181224,1
6533,20181225,1
6533,20181226,1
6533,20181227,1
6533,20181228,1
6533,20181231,1
6533,20190101,1
6533,20190102,1
6533,20190103,1
6533,20190104,1
6587,20181224,2
6587,20181231,2
6582,20190107,1
6582,20181226,1
6582,20181227,1
6582,20181228,1
6582,20190102,1
6582,20190103,1
6582,20190104,1
6588,20181209,1
6588,20181215,1
6588,20181216,1
6588,20181222,1
6588,20181223,1
6523,20181225,1
6523,20190101,1
6528,20181217,1
6528,20181218,1
6528,20181219,1
6528,20181220,1
6527,20181225,2
6527,20190101,2
6527,20190128,2
6527,20190129,2
6527,20190130,2
6527,20190131,2
6508,20181224,2
6508,20181231,2
6573,20190203,1
159,20181225,1
159,20190101,1
6514,20190201,2
6557,20181225,1
6557,20190101,1
6509,20181225,2
6509,20190101,2
6583,20181224,2
6583,20181231,2
1794,20181215,1
6518,20181225,2
6518,20190101,2
6600,20190128,2
6600,20190129,2
6600,20190130,2
6600,20190131,2
6600,20190201,2
6560,20181225,2
6560,20190101,2
6542,20181225,2
6542,20190101,2
6539,20181225,1
6539,20190202,1
6539,20190203,1
3401,20181225,1
3401,20190101,1
6546,20190203,1
6547,20181225,1
6547,20190101,1
6647,20181124,1
6608,20181111,1
6621,20181109,1
6610,20181218,2
6610,20181219,2
6610,20181220,2
1134,20181222,1
1699,20181216,1
6615,20190107,1
6613,20190107,1
6613,20181226,1
6613,20181227,1
6613,20190102,1
6613,20190103,1
6616,20190106,1
6616,20181216,1
1654,20181225,2
1654,20190101,2
6642,20181118,2
6642,20181111,2
4549,20181112,2
14413,20181117,2
14418,20181109,1
14418,20181123,2
6638,20181126,1
6638,20181127,1
6638,20181128,1
6638,20181129,1
6638,20181108,1
6638,20181203,1
6638,20181204,1
6638,20181205,1
6638,20181206,1
1248,20181105,1
1248,20181106,1
1248,20181107,1
1248,20181108,1
1248,20181109,1
1248,20181112,1
1248,20181113,1
1248,20181114,1
1248,20181115,1
1248,20181116,1
14422,20181203,1
14422,20181207,1
14422,20181108,1
14422,20181120,2
14422,20181121,2
14422,20181122,2
14424,20181202,1
6646,20181124,1
14425,20181108,2
14425,20181109,2
6640,20181225,1
6640,20190101,1
6641,20181217,1
6641,20181218,1
6641,20181219,1
6641,20181220,1
6641,20181221,2
6624,20181225,2
6624,20190101,2
3678,20181225,1
3678,20190101,1
6645,20181225,1
6645,20190101,1
6630,20181225,1
6630,20190101,1
6652,20181219,2
6652,20181220,2
6655,20190102,1
6655,20181231,2
6655,20181224,2
6653,20190107,1
6653,20181210,1
6653,20181214,1
6653,20181217,1
6653,20181221,1
6657,20181109,2
6656,20181109,1
6654,20181202,1
6658,20181125,1
6671,20181124,1
6671,20181125,1
6671,20181201,1
6671,20181208,1
6667,20181201,1
6667,20181202,1
6667,20181110,1
6667,20181203,1
6667,20181204,1
6667,20181205,1
6667,20181206,1
6667,20181207,1
6667,20181208,1
14426,20181119,1
14427,20181120,1
6668,20181105,1
6668,20181106,1
6668,20181107,1
6668,20181108,1
6668,20181109,1
6668,20181112,1
6668,20181113,1
6668,20181114,1
6668,20181115,1
6668,20181116,1
14429,20181112,2
14430,20181203,1
14430,20181204,1
14430,20181205,1
14430,20181206,1
14430,20181207,1
6670,20190107,2
6670,20190108,2
6670,20190109,2
6670,20190110,2
6670,20190111,2
14431,20190112,1
14431,20190113,1
14431,20190120,1
14431,20190127,1
14431,20190203,1
14431,20181224,1
14431,20181225,1
14431,20181226,1
14431,20181227,1
14431,20181228,1
14431,20181229,1
14431,20181230,1
14431,20181231,1
14431,20190101,1
14431,20190102,1
14431,20190103,1
14431,20190104,1
14431,20190105,1
14431,20190106,1
6659,20181224,1
6659,20181225,1
6659,20181226,1
6659,20181227,1
6659,20181228,1
6659,20181231,1
6659,20190101,1
6659,20190102,1
6659,20190103,1
6659,20190104,1
6659,20190126,1
6659,20190127,1
6659,20190202,1
6659,20190203,1
6659,20190106,2
6659,20181216,2
6666,20190112,1
6666,20190113,1
6666,20190119,1
6666,20190120,1
6666,20190127,1
6666,20190202,1
6666,20190203,1
6666,20190126,2
2651,20190203,1
6673,20190202,1
6762,20181231,1
6762,20181224,1
6762,20181214,1
6762,20181221,1
6762,20181223,1
6762,20181228,1
6762,20181230,1
6762,20190201,1
6762,20190203,1
6762,20181216,2
6764,20181231,2
6764,20181223,2
6764,20181224,2
6764,20181230,2
2142,20181121,1
6688,20190203,1
6695,20181202,1
6695,20181207,1
6697,20190116,1
6697,20190117,1
6697,20190121,1
6697,20190122,1
6697,20190123,1
6697,20190124,1
6697,20181214,1
6697,20181221,1
6697,20190111,1
6697,20190118,1
6697,20190125,1
14433,20181125,1
14433,20181121,2
6691,20190114,2
6691,20190115,2
6691,20190116,2
6691,20190117,2
6691,20190121,2
6691,20190122,2
6691,20190123,2
6691,20190124,2
6691,20190128,2
6691,20190129,2
6691,20190130,2
6691,20190131,2
1637,20181225,2
1637,20190101,2
6676,20190114,2
6676,20190115,2
6676,20190116,2
6676,20190117,2
6676,20190118,2
6676,20190121,2
6676,20190122,2
6676,20190123,2
6676,20190124,2
6676,20190125,2
6676,20190128,2
6676,20190129,2
6676,20190130,2
6676,20190131,2
6676,20190201,2
14434,20181118,2
6705,20190107,1
6705,20190108,1
6705,20190109,1
6705,20190110,1
6705,20190114,1
6705,20190115,1
6698,20181117,2
6699,20190203,1
6744,20190107,1
6744,20190108,1
6744,20190109,1
6744,20190110,1
6744,20190111,1
6744,20181224,1
6744,20181226,1
6744,20181227,1
6744,20181228,1
6744,20181231,1
6744,20190102,1
6744,20190103,1
6744,20190104,1
6744,20190201,1
6730,20190114,2
6730,20190115,2
6730,20190116,2
6730,20190117,2
6730,20190118,2
6730,20190121,2
6730,20190122,2
6730,20190123,2
6730,20190124,2
6730,20190125,2
6730,20190128,2
6730,20190129,2
6730,20190130,2
6730,20190131,2
6730,20190201,2
6737,20181225,1
6737,20190101,1
6756,20190114,2
6756,20190115,2
6756,20190116,2
6756,20190117,2
6756,20190118,2
6756,20190121,2
6756,20190122,2
6756,20190123,2
6756,20190124,2
6756,20190125,2
6722,20190122,1
6722,20181224,1
6722,20181226,1
6722,20181227,1
6722,20181228,1
6722,20181231,1
6722,20190102,1
6722,20190103,1
6722,20190104,1
6722,20190107,1
6722,20190114,1
6722,20190117,1
6722,20190118,1
6722,20190121,1
6722,20190123,1
6722,20190124,1
6722,20190125,1
6722,20190116,2
6722,20190109,2
6722,20190110,2
6722,20190111,2
6747,20181225,1
6747,20190101,1
6742,20181225,2
6742,20190101,2
6710,20181224,1
6710,20181225,1
6710,20181226,1
6710,20181227,1
6710,20181228,1
6710,20181231,1
6710,20190101,1
6710,20190102,1
6710,20190103,1
6710,20190104,1
6706,20190107,1
6706,20190108,1
6706,20190109,1
6706,20190110,1
6706,20190111,1
14439,20181124,1
6721,20181225,1
6721,20181229,1
6721,20190101,1
6721,20190105,1
6720,20181222,1
6720,20181215,1
6720,20190202,1
6716,20181218,1
6716,20181219,1
6716,20181220,1
6716,20181221,1
6716,20181211,1
6716,20181212,1
6716,20181213,1
6716,20181214,1
6716,20190108,1
6716,20190109,1
6716,20190110,1
6716,20190111,1
14440,20190201,1
2993,20181207,1
14441,20181110,1
14442,20181117,1
6729,20181109,1
14444,20181111,1
14452,20181112,1
14453,20181105,1
14454,20181124,1
14455,20181116,1
14455,20181109,1
14455,20181207,1
14455,20181118,2
14457,20181207,1
14457,20181111,1
3458,20181110,1
3458,20181124,1
7658,20181111,1
7655,20181110,1
7655,20181111,1
7655,20181208,1
7663,20181111,1
1541,20181110,1
14460,20181231,2
14460,20190101,2
14460,20190103,2
14460,20190104,2
14460,20181221,2
14460,20181222,2
14460,20181224,2
14460,20181225,2
14460,20181227,2
14460,20181228,2
14460,20181229,2
7664,20181225,1
7664,20190101,1
7664,20190127,2
14461,20181210,1
14461,20181211,1
14461,20181212,1
14461,20181213,1
14461,20181214,1
14461,20181215,1
14461,20181217,1
14461,20181218,1
14461,20181219,1
14461,20181220,1
14461,20181221,1
14461,20181226,1
14461,20181227,1
14461,20190102,1
14461,20190103,1
14461,20181222,2
14464,20190101,1
14464,20181209,1
14464,20181216,1
14464,20190203,1
14464,20181225,1
7678,20181225,2
7678,20190101,2
14465,20190119,2
14465,20190126,2
14466,20190127,2
7701,20181225,1
7701,20190101,1
2265,20190112,1
2265,20190113,1
2265,20181225,1
2265,20181229,1
2265,20181230,1
2265,20190101,1
2265,20190105,1
2265,20190106,1
184,20181225,2
184,20190101,2
14468,20181225,2
14468,20190101,2
14469,20181225,2
14469,20190101,2
14470,20181225,2
14470,20190101,2
14471,20190119,2
14471,20190126,2
14472,20190113,1
14472,20181225,1
14472,20181230,1
14472,20190101,1
14472,20190106,1
7691,20190113,1
7691,20181225,1
7691,20181230,1
7691,20190101,1
7691,20190106,1
7697,20181225,2
7697,20190101,2
7686,20190112,1
7686,20190113,1
7686,20181225,1
7686,20181229,1
7686,20181230,1
7686,20190101,1
7686,20190105,1
7686,20190106,1
7775,20181201,2
7775,20181202,2
7718,20181201,2
7726,20181203,1
7726,20181204,1
7726,20181205,1
7726,20181206,1
7726,20181207,1
7726,20181208,1
7770,20181202,2
7776,20181117,1
7776,20181208,1
3430,20181111,1
3317,20181110,1
7758,20181201,2
7734,20190129,2
7734,20190130,2
7734,20190131,2
7774,20190119,2
7774,20190126,2
7774,20190127,2
7722,20190119,2
7722,20190126,2
7722,20190127,2
7729,20190114,2
7729,20190115,2
7729,20190116,2
7729,20190117,2
7729,20190118,2
7729,20190119,2
276,20181225,1
276,20190101,1
7752,20181224,2
7752,20181225,2
7752,20181231,2
7752,20190101,2
7714,20190107,1
7714,20190108,1
7714,20190109,1
7714,20190110,1
7714,20190111,1
7714,20190112,1
7714,20181224,1
7714,20181226,1
7714,20181227,1
7714,20181228,1
7714,20181229,1
7714,20181231,1
7714,20190102,1
7714,20190103,1
7714,20190104,1
7714,20190105,1
7714,20190114,1
7714,20190115,1
7714,20190116,1
7714,20190117,1
7714,20190118,1
7714,20190121,1
7714,20190122,1
7714,20190123,1
7714,20190124,1
7714,20190125,1
7714,20190128,1
7714,20190129,1
7714,20190130,1
7714,20190131,1
7714,20190201,1
2288,20190107,1
2288,20190108,1
2288,20181226,1
2288,20181227,1
2288,20181228,1
2288,20190102,1
2288,20190103,1
2288,20190104,1
2288,20190109,1
2288,20190110,1
2288,20190111,1
7710,20190118,1
7711,20181218,1
7711,20181219,1
7711,20181211,1
7711,20181212,1
7711,20190108,1
7711,20190109,1
7768,20181209,1
7768,20181210,1
7768,20181211,1
7768,20181212,1
7768,20181213,1
7768,20181214,1
7768,20181216,1
7768,20181217,1
7768,20181218,1
7768,20181219,1
7768,20181220,1
7768,20181221,1
7768,20181223,1
7768,20181225,1
7768,20181226,1
7768,20181227,1
7768,20181228,1
7768,20181230,1
7768,20190101,1
7768,20190102,1
7768,20190103,1
7768,20190104,1
7768,20190106,1
7768,20190125,2
7768,20190127,2
7768,20190128,2
7760,20190125,1
7704,20190128,1
7761,20190107,2
7761,20190108,2
7761,20190109,2
7761,20190110,2
7761,20190111,2
7733,20190125,2
7733,20190127,2
7733,20190128,2
7785,20190203,1
2259,20190113,1
2259,20181225,1
2259,20181230,1
2259,20190101,1
2259,20190106,1
3497,20190125,1
1142,20190127,1
7741,20181224,1
7741,20181226,1
7741,20181227,1
7741,20181228,1
7741,20181229,1
7741,20181231,1
7741,20190102,1
7741,20190103,1
7741,20190104,1
7741,20190105,1
7741,20190112,1
7741,20190107,2
7741,20190109,2
7741,20190110,2
7741,20190111,2
13219,20181203,1
13219,20181204,1
13219,20181205,1
13219,20181206,1
13219,20181207,1
13221,20181203,1
13221,20181204,1
13221,20181205,1
13221,20181206,1
13221,20181207,1
13225,20181126,2
13225,20181127,2
13225,20181128,2
13225,20181129,2
13225,20181130,2
13235,20181126,2
13235,20181127,2
13235,20181128,2
13235,20181129,2
13235,20181130,2
13235,20181111,2
13253,20181126,1
13253,20181127,1
13253,20181128,1
13253,20181129,1
13253,20181108,1
13253,20181203,1
13253,20181204,1
13253,20181205,1
13253,20181206,1
13255,20181130,1
13255,20181109,1
13251,20181126,1
13251,20181127,1
13251,20181128,1
13251,20181129,1
13251,20181130,1
13251,20181108,1
13251,20181109,1
13251,20181203,1
13251,20181204,1
13251,20181205,1
13251,20181206,1
13251,20181207,1
13260,20181109,1
13260,20181123,2
13258,20181126,1
13258,20181127,1
13258,20181128,1
13258,20181129,1
13258,20181108,1
13258,20181203,1
13258,20181204,1
13258,20181205,1
13258,20181206,1
13278,20181126,1
13278,20181127,1
13278,20181128,1
13278,20181129,1
13278,20181203,1
13278,20181204,1
13278,20181205,1
13278,20181206,1
13278,20181112,2
13278,20181113,2
13278,20181114,2
13268,20181109,1
1595,20181117,2
13266,20181109,1
13266,20181119,2
13266,20181120,2
13266,20181121,2
13266,20181122,2
13266,20181123,2
14481,20181117,2
1604,20181105,1
1604,20181106,1
1604,20181107,1
1604,20181108,1
1604,20181109,1
1604,20181111,1
1604,20181112,1
1604,20181113,1
1604,20181114,1
1604,20181115,1
1604,20181116,1
1604,20181118,1
13257,20181202,1
13262,20181126,1
13262,20181127,1
13262,20181128,1
13262,20181129,1
13262,20181130,1
13262,20181109,1
13262,20181203,1
13262,20181204,1
13262,20181205,1
13262,20181206,1
13262,20181207,1
1256,20181105,1
1256,20181106,1
1256,20181107,1
1256,20181108,1
1256,20181109,1
1256,20181112,1
1256,20181113,1
1256,20181114,1
1256,20181115,1
1256,20181116,1
13287,20181117,2
13287,20181202,2
13287,20181110,2
13271,20181119,2
13271,20181120,2
13271,20181121,2
13271,20181122,2
13271,20181123,2
13271,20181117,2
13271,20181118,2
13271,20181110,2
13271,20181111,2
13284,20181123,1
13280,20181123,2
13270,20181109,1
13270,20181119,2
13270,20181120,2
13270,20181121,2
13270,20181122,2
13270,20181123,2
4581,20181109,1
4581,20181119,2
4581,20181120,2
4581,20181121,2
4581,20181122,2
4581,20181123,2
13276,20181117,2
13276,20181110,2
13276,20181111,2
4403,20181105,1
4403,20181106,1
4403,20181107,1
4403,20181108,1
4403,20181109,1
4403,20181112,1
4403,20181113,1
4403,20181114,1
4403,20181115,1
4403,20181116,1
13264,20181108,1
13264,20181109,1
13264,20181112,1
13264,20181113,1
13264,20181114,1
13264,20181115,1
13264,20181116,2
13273,20181117,2
13290,20190201,1
13290,20190202,1
13290,20190203,1
13290,20190111,1
13290,20190113,1
13290,20190118,1
13290,20190120,1
13290,20190125,1
13290,20190127,1
13290,20181225,1
13290,20181228,1
13290,20181229,1
13290,20181230,1
13290,20190101,1
13290,20190104,1
13290,20190105,1
13290,20190106,1
13259,20181225,1
13259,20190101,1
13263,20181225,2
13263,20190101,2
14484,20181221,1
14485,20181221,1
13292,20181225,1
13291,20181225,1
