service_id,monday,tuesday,wednesday,thursday,friday,saturday,sunday,start_date,end_date
3,1,1,1,1,1,0,0,20181105,20181207
183,1,1,1,1,1,0,0,20181105,20181207
4,0,0,0,0,0,1,0,20181110,20181208
7,0,0,0,0,0,0,1,20181111,20181202
101,1,1,1,1,1,0,0,20181112,20181130
166,1,1,1,1,1,0,0,20181112,20181130
103,0,0,1,0,0,1,0,20181107,20181208
19,0,0,0,0,1,0,0,20181109,20181207
16,0,0,0,0,1,0,0,20181109,20181207
20,0,0,0,0,0,1,0,20181117,20181208
24,1,1,1,1,1,0,0,20181105,20181207
21,0,0,1,0,0,0,0,20181107,20181205
22,1,1,1,1,0,0,0,20181105,20181206
1034,1,1,1,1,1,0,0,20181203,20181207
2819,1,1,1,1,0,0,0,20181203,20181206
209,0,0,0,0,0,1,0,20181110,20181124
128,0,0,0,0,0,1,0,20181117,20181124
211,0,0,0,0,0,0,1,20181111,20181125
210,0,0,0,0,0,1,1,20181110,20181125
129,0,0,0,0,0,1,1,20181117,20181125
227,1,1,1,1,1,0,0,20190102,20190201
230,1,1,1,1,1,0,0,20181210,20181231
235,0,0,0,0,0,0,1,20190101,20190203
234,0,0,0,0,0,0,1,20181209,20181230
285,1,1,1,1,1,0,0,20190102,20190201
248,0,0,0,0,0,1,0,20181215,20181229
254,1,1,1,1,1,0,0,20190102,20190201
14197,0,0,0,0,0,1,1,20181209,20181230
265,0,0,0,0,0,1,1,20190101,20190203
246,0,0,0,0,0,1,0,20190105,20190202
263,0,0,0,0,0,1,1,20181209,20181230
253,1,1,1,1,1,0,1,20190101,20190203
243,0,0,0,0,0,0,1,20190101,20190203
153,1,1,1,1,1,0,0,20190121,20190201
252,1,1,1,1,1,0,1,20181209,20181231
241,1,1,1,1,1,1,0,20181210,20181231
296,0,1,1,1,1,0,0,20190122,20190201
249,1,1,1,1,1,0,0,20190102,20190118
298,1,1,1,1,1,0,0,20190102,20190128
242,1,1,1,1,1,1,0,20190102,20190202
245,1,1,1,1,1,1,1,20190101,20190203
262,0,0,0,0,0,1,0,20190105,20190202
238,1,1,1,1,1,1,1,20181209,20181231
189,0,0,0,0,0,1,1,20181201,20181202
364,1,0,1,1,1,0,0,20181224,20190104
1818,1,0,1,1,1,0,0,20181224,20181231
2845,1,1,1,1,1,0,0,20181105,20181130
1376,1,1,1,1,1,0,0,20181105,20181130
9,1,1,0,1,1,0,0,20181105,20181207
171,0,0,0,0,0,1,0,20181110,20181208
172,0,0,1,0,1,0,0,20181107,20181207
5,1,1,1,1,1,0,0,20181105,20181207
6,0,0,1,0,0,0,0,20181107,20181205
224,1,1,1,1,1,1,0,20181105,20181208
144,0,0,0,0,0,1,0,20181110,20181208
168,0,0,0,0,0,0,1,20181111,20181202
85,1,1,1,1,1,0,0,20181105,20181207
255,0,0,0,0,1,0,0,20181109,20181207
232,1,1,1,1,1,1,1,20181105,20181208
231,0,0,0,0,0,1,1,20181110,20181208
164,1,1,1,1,1,0,1,20181105,20181207
269,1,0,0,0,0,0,0,20181105,20181203
34,1,1,1,1,1,0,0,20181210,20190201
32,0,0,0,0,1,0,0,20181214,20190201
57,1,1,1,1,1,1,0,20181210,20190202
33,0,0,0,0,0,1,0,20181215,20190202
44,0,0,0,0,0,0,1,20181209,20190203
71,0,0,0,0,0,1,1,20181209,20190203
65,1,1,1,1,1,1,1,20181209,20190203
100,1,1,1,1,1,0,1,20181209,20190203
141,1,0,0,0,0,0,0,20181210,20190128
404,1,1,1,1,1,0,0,20181105,20181109
394,1,1,1,1,0,0,0,20181105,20181206
412,1,1,1,1,1,0,0,20181105,20181109
415,1,1,1,1,1,0,0,20181105,20181109
45,0,0,0,0,0,0,1,20181111,20181202
414,1,1,1,1,1,0,0,20181105,20181109
418,1,1,1,1,1,0,0,20181105,20181109
422,1,1,1,1,1,0,0,20181112,20181123
633,0,0,0,0,1,0,1,20190104,20190203
525,1,1,1,1,1,1,1,20190102,20190203
519,0,0,0,0,0,1,1,20190105,20190203
625,0,0,0,0,1,0,0,20190104,20190201
1240,1,1,1,1,0,0,0,20181119,20181122
450,1,1,1,1,0,0,0,20181210,20190131
637,1,1,1,1,1,0,1,20190102,20190203
39,1,1,1,1,1,0,1,20181105,20181207
13,1,1,1,1,1,1,0,20181105,20181208
646,0,0,0,0,0,0,1,20181111,20181202
656,1,1,1,1,0,1,0,20181105,20181208
119,0,0,0,0,1,0,0,20181109,20181207
648,0,0,0,0,1,0,1,20181109,20181207
687,0,0,0,0,1,0,0,20181109,20181207
521,1,1,1,1,0,1,1,20181105,20181208
29,0,0,0,0,0,1,1,20181110,20181208
12,1,1,1,1,1,1,1,20181105,20181208
23,1,1,1,1,1,0,0,20181105,20181207
409,1,0,0,0,0,0,0,20181105,20181203
658,0,0,1,0,0,0,0,20181107,20181205
425,1,1,1,1,1,0,0,20181210,20190201
767,0,0,0,0,1,0,1,20181209,20190203
834,0,0,1,1,0,0,0,20181226,20190103
769,1,1,1,1,0,1,0,20181210,20190202
827,0,0,1,1,1,0,0,20181226,20190104
719,1,1,1,1,1,0,0,20181126,20181130
722,1,1,1,1,1,0,0,20181126,20181130
720,0,1,1,1,1,0,0,20181120,20181123
725,1,1,1,1,1,0,0,20181105,20181116
723,1,1,1,1,1,0,0,20181119,20181130
724,0,0,1,0,0,0,0,20181121,20181128
400,1,0,0,0,0,0,0,20181105,20181203
738,0,0,0,0,0,0,1,20181209,20190203
480,1,0,0,0,0,0,0,20181210,20190128
727,1,1,1,1,1,1,0,20181210,20190202
1010,1,1,1,1,1,0,0,20190107,20190125
728,1,1,1,1,1,0,0,20181210,20190201
832,1,0,0,0,0,0,0,20181210,20190128
37,0,0,0,0,0,0,1,20181209,20190203
821,0,0,0,0,0,0,1,20181209,20190203
824,1,1,1,1,1,0,0,20181210,20190201
486,0,0,1,0,0,0,0,20181212,20190130
839,1,1,0,1,1,0,0,20181210,20190201
829,0,0,1,0,0,0,0,20181226,20190102
942,1,1,1,1,1,0,0,20190107,20190118
837,0,0,0,0,1,1,1,20181109,20181208
836,0,0,0,0,1,1,1,20181209,20190203
835,0,0,0,0,0,0,1,20181209,20190203
831,0,0,0,0,0,0,1,20181209,20190203
822,1,1,1,1,1,0,0,20181210,20190201
823,1,1,1,1,0,1,1,20181209,20190203
833,0,0,0,0,0,1,1,20181209,20190203
826,0,0,0,0,0,0,1,20181223,20190106
838,1,1,0,1,1,0,0,20181105,20181207
825,1,1,1,1,1,0,0,20181210,20190201
830,1,1,0,1,1,0,0,20181210,20190201
840,0,0,0,0,1,1,0,20181109,20181208
841,0,0,0,0,1,1,0,20181214,20190202
428,0,0,0,0,0,1,1,20181209,20190203
82,0,1,1,1,1,0,0,20181106,20181207
83,0,1,1,1,1,0,0,20181211,20190201
317,1,1,1,1,1,0,0,20181112,20181116
7657,0,0,0,0,0,1,1,20181215,20190106
7656,0,0,0,0,0,1,1,20181209,20190106
1002,0,0,0,0,0,1,1,20181117,20181118
1001,0,0,1,0,0,0,0,20190109,20190123
1241,1,1,1,1,0,0,0,20181119,20181206
881,1,1,1,1,1,0,0,20181119,20181207
1242,1,1,1,1,0,0,0,20181105,20181122
1244,0,0,0,0,0,1,0,20181110,20181117
1243,0,0,0,0,0,0,1,20181111,20181118
401,0,0,0,0,0,1,0,20181110,20181208
452,1,1,1,1,1,0,1,20181105,20181207
1298,1,1,1,1,1,0,0,20181105,20181123
216,1,1,1,1,1,0,0,20181126,20181207
1231,1,1,1,1,1,0,1,20181105,20181207
217,1,1,1,1,1,0,0,20181105,20181123
671,1,1,1,1,1,0,0,20181105,20181116
1276,1,1,1,1,1,0,0,20181126,20181207
403,1,1,1,1,1,1,0,20181105,20181208
1245,0,0,0,0,0,1,0,20181110,20181208
1264,0,0,0,0,0,1,1,20181110,20181208
434,0,0,0,0,0,1,0,20181215,20190202
441,1,1,1,1,1,0,1,20181209,20190203
1288,1,1,1,1,1,0,0,20181210,20190201
1265,1,1,1,1,1,1,1,20181209,20190203
1353,1,0,0,0,0,0,0,20181210,20190128
654,1,0,0,0,0,0,0,20181105,20181203
1337,0,1,1,1,1,0,0,20181106,20181207
1354,0,1,1,1,1,0,0,20181211,20190201
1355,0,0,0,0,0,1,0,20181215,20190202
1328,1,1,1,1,1,0,0,20181210,20190201
1315,0,0,0,0,0,1,0,20181124,20181208
866,1,0,0,0,0,0,0,20181210,20190128
863,0,0,0,0,1,0,0,20181214,20190201
1358,0,0,0,0,0,0,1,20181209,20190203
1479,0,0,0,0,1,0,1,20181109,20181207
442,0,0,0,0,1,0,1,20181109,20181207
1478,0,0,0,0,1,0,0,20181109,20181207
543,1,1,1,1,0,1,0,20181105,20181208
1432,1,1,1,1,1,0,0,20181105,20181207
1370,1,1,1,1,1,0,0,20181105,20181123
1373,1,1,1,1,1,0,0,20181112,20181123
1371,1,1,1,1,1,0,0,20181105,20181123
918,1,1,1,1,1,0,0,20181105,20181116
1375,0,0,0,0,1,0,0,20181109,20181130
1374,0,0,1,0,1,0,0,20181107,20181130
1377,0,1,1,1,1,1,0,20181106,20181208
1236,1,1,0,1,0,0,0,20181105,20181206
1378,0,1,0,0,0,0,0,20181106,20181204
1323,0,0,0,0,1,0,0,20181109,20181207
1486,1,1,1,1,1,0,0,20181105,20181109
1485,1,1,1,1,1,1,1,20181110,20181208
178,1,1,1,1,1,0,0,20181105,20181207
1456,0,0,0,0,1,0,0,20181109,20181116
606,0,0,0,0,0,0,1,20181111,20181125
1449,1,1,1,1,0,0,0,20181105,20181206
1457,0,0,0,0,1,0,0,20181123,20181207
1447,0,1,1,1,1,1,0,20181106,20181208
1450,1,1,1,1,0,1,0,20181105,20181208
872,1,1,1,1,1,1,1,20181117,20181208
1497,1,1,1,1,1,1,1,20181105,20181116
1379,0,0,1,0,0,0,0,20181114,20181128
5968,0,0,0,0,1,0,0,20181214,20190201
1396,0,0,0,0,1,0,0,20181214,20190201
1434,1,0,0,0,0,0,0,20181210,20190128
1424,1,1,1,1,0,0,0,20181105,20181206
1423,0,0,0,0,0,0,1,20181111,20181202
1232,0,1,1,1,1,0,0,20181106,20181207
1404,1,1,1,1,0,0,0,20181210,20190131
1431,0,0,0,0,1,0,1,20181209,20190203
36,1,0,0,0,0,0,0,20181210,20190128
1114,0,1,1,1,1,0,0,20181113,20181116
1444,1,1,1,1,0,1,0,20181210,20190202
1430,1,1,1,1,0,1,1,20181209,20190203
1435,0,0,0,0,1,1,0,20181109,20181208
1436,0,0,0,0,1,1,0,20181214,20190202
1437,0,0,0,0,1,0,0,20181214,20190201
1438,1,1,1,1,0,0,0,20181210,20190131
1439,0,0,1,0,0,0,0,20181212,20190130
1440,1,1,1,1,1,1,0,20190107,20190202
1443,1,1,1,1,1,0,0,20181119,20181207
1441,1,1,0,1,0,0,0,20181210,20190131
1442,0,0,0,0,0,0,1,20181209,20190203
1446,1,0,0,0,0,0,0,20181105,20181203
14198,1,1,1,1,1,0,1,20181105,20181207
1545,0,1,1,1,1,1,1,20181209,20190203
1476,0,0,0,0,1,0,1,20181209,20190203
1480,0,0,0,0,1,0,1,20181209,20190203
1475,0,0,0,0,1,0,0,20181214,20190201
1448,0,0,0,0,0,0,1,20181209,20190203
770,0,1,1,1,1,1,0,20181211,20190202
1477,0,0,0,0,0,1,1,20181209,20190203
14199,0,0,0,0,1,0,1,20181209,20190203
7653,0,0,0,0,1,0,1,20181209,20190203
686,0,1,1,1,1,0,0,20181106,20181207
1744,1,1,1,1,1,0,0,20181210,20190201
1750,0,0,0,0,0,0,1,20181209,20190203
1788,0,0,1,0,1,0,0,20181212,20190201
1736,1,1,1,1,1,0,0,20181210,20190201
1751,1,1,1,1,1,0,0,20181210,20190201
1503,0,0,0,0,0,1,0,20181215,20190202
1640,0,0,0,0,0,0,1,20181209,20190203
1466,1,1,1,1,1,0,0,20181210,20190201
696,1,1,1,1,0,1,1,20181105,20181208
1798,0,0,1,0,1,1,0,20181107,20181208
1800,1,1,1,1,1,0,0,20181105,20181123
1803,1,1,1,1,1,0,0,20181105,20181123
1804,1,1,1,1,1,0,0,20181105,20181123
1799,0,0,0,0,1,0,0,20181109,20181116
1805,1,1,1,1,1,0,0,20181105,20181113
711,1,1,1,1,1,0,0,20181105,20181207
1832,0,0,1,1,1,0,0,20181121,20181123
1801,1,1,1,1,1,0,0,20181105,20181109
51,1,1,1,1,1,0,0,20181112,20181207
1802,1,1,1,1,1,0,0,20181105,20181109
5779,0,0,0,0,1,0,0,20190121,20190201
5778,0,0,0,0,1,0,0,20190107,20190118
1649,0,0,0,0,0,1,0,20181215,20190105
1343,0,1,0,0,0,0,0,20181225,20190101
5777,0,0,0,0,0,0,1,20181209,20181216
516,0,0,0,0,1,0,0,20181109,20181207
2164,1,1,1,1,0,0,0,20181105,20181206
1049,1,1,1,1,1,0,0,20181210,20181223
502,1,1,1,1,0,0,0,20181105,20181206
1635,1,1,1,1,1,0,0,20181210,20181221
61,1,1,1,1,1,0,0,20181105,20181207
2586,0,0,0,0,0,0,1,20181209,20190203
2359,0,0,0,1,1,1,0,20181206,20181208
2587,0,0,0,0,1,1,1,20181209,20190203
2367,0,0,0,1,1,0,0,20181206,20181207
665,0,0,0,0,1,1,1,20181109,20181208
675,1,0,0,0,1,0,0,20181105,20181207
896,0,0,0,0,0,1,1,20181110,20181208
2361,1,1,1,1,1,0,0,20181105,20181109
1311,1,1,1,1,1,0,0,20181119,20181123
2366,0,0,0,1,1,1,0,20181206,20181208
1064,0,0,0,0,0,1,1,20181124,20181125
2596,0,0,0,0,0,1,1,20181209,20190203
2595,1,1,1,1,1,0,0,20190107,20190201
73,1,1,1,1,1,0,0,20181210,20190201
2487,1,1,1,1,1,1,1,20181223,20190106
1743,0,0,0,0,0,0,1,20181209,20190203
2438,0,0,0,0,0,1,0,20181110,20181201
2442,1,1,1,1,0,0,0,20181105,20181206
2469,1,1,1,1,1,1,0,20181210,20190202
747,1,1,1,1,1,0,0,20181210,20190201
2574,0,0,0,1,0,0,0,20181108,20181206
2575,0,0,0,1,1,0,1,20181209,20190203
2576,0,0,0,0,1,0,0,20181214,20190201
1951,1,1,1,1,1,0,0,20181210,20181223
2597,1,0,0,0,0,0,0,20181210,20190128
2535,1,0,1,1,1,1,0,20181224,20190105
2598,0,1,0,0,0,0,1,20181223,20190106
2280,0,0,0,0,0,1,0,20181229,20190105
2600,1,1,1,1,1,0,1,20181223,20190106
2599,0,1,0,0,0,1,1,20181223,20190106
2610,1,0,1,1,1,1,0,20181222,20190105
2608,1,1,1,1,1,1,1,20181222,20190106
2605,0,1,0,0,0,0,1,20181223,20190106
1639,0,0,0,0,0,1,1,20181209,20190203
1344,0,0,0,0,0,0,1,20181209,20190203
735,1,0,1,1,1,0,0,20181224,20190104
196,1,1,1,1,1,0,0,20181210,20190201
884,0,0,0,0,0,1,1,20181209,20190203
2611,0,0,0,0,0,1,1,20181209,20190203
2612,1,0,0,0,0,0,0,20181210,20190128
1740,0,0,0,0,0,0,1,20181209,20190203
2618,1,0,0,0,0,0,0,20181105,20181118
2617,1,1,1,1,1,0,0,20181105,20181118
2548,1,1,1,1,0,0,0,20181105,20181108
2659,1,1,1,1,1,0,0,20181105,20181109
1259,1,1,1,1,0,0,0,20181210,20190131
2683,0,0,0,0,1,0,1,20181209,20190203
2686,1,1,1,1,0,0,0,20181105,20181206
2737,0,1,1,1,1,0,0,20181106,20181130
1717,0,0,0,0,0,0,1,20181119,20181125
2825,1,1,1,1,1,0,0,20190128,20190201
2802,1,1,1,1,1,0,0,20190121,20190201
2145,0,0,0,0,0,0,1,20181118,20181125
2843,0,0,0,0,0,0,1,20181117,20181125
2786,1,1,0,0,0,0,0,20181126,20181127
2869,0,0,0,0,0,0,1,20181217,20181223
2875,1,1,1,1,1,0,0,20181210,20181223
154,1,1,1,1,1,0,0,20190121,20190201
132,1,1,1,1,1,0,0,20181231,20190201
2804,0,1,1,1,1,0,0,20190102,20190201
2974,0,1,1,1,1,0,0,20181106,20181123
2977,1,1,1,1,0,0,0,20181105,20181122
3145,1,1,1,1,0,0,0,20181112,20181206
3146,0,1,0,0,0,0,0,20181113,20181204
546,0,1,1,1,1,0,0,20181113,20181207
112,0,0,0,0,0,1,0,20181117,20181208
3123,0,0,1,1,0,0,0,20181114,20181115
2976,0,1,1,1,1,0,0,20181106,20181123
3126,1,1,1,1,0,0,0,20181112,20181115
3119,0,0,1,1,0,0,0,20181128,20181129
3116,0,0,1,1,1,0,0,20181128,20181130
3124,0,1,1,1,1,0,0,20181109,20181116
3065,0,1,1,1,1,0,0,20181106,20181123
3259,1,1,1,1,1,0,0,20181105,20181109
3451,1,1,1,1,1,0,0,20181105,20181116
3450,1,1,1,1,1,0,0,20181112,20181116
3520,1,1,1,1,1,0,0,20181105,20181109
3527,1,1,1,1,1,0,0,20181105,20181109
3262,1,1,1,1,1,0,1,20181105,20181122
3433,0,0,0,0,1,1,0,20181123,20181124
3544,0,1,0,1,0,0,0,20181211,20190131
3547,1,0,1,0,1,0,0,20181210,20190201
2889,1,1,1,1,1,0,0,20190107,20190201
3435,1,1,1,1,1,0,0,20181105,20181109
3265,1,1,1,1,1,0,0,20181210,20190201
3283,0,0,0,0,0,1,1,20181209,20190203
3264,0,0,0,0,0,0,1,20181209,20190203
3537,1,0,0,1,1,0,0,20181224,20181231
3437,1,1,1,1,1,0,0,20190107,20190125
3542,0,0,0,0,1,0,0,20181228,20190104
3549,1,0,0,0,0,0,0,20181224,20181231
3436,1,1,1,1,1,0,0,20190107,20190125
3418,1,1,1,1,1,0,0,20181106,20181123
3333,0,1,1,1,1,0,0,20181106,20181123
842,1,1,1,1,1,0,0,20181210,20190201
3439,1,1,1,1,1,0,0,20190107,20190201
3446,1,1,1,1,1,0,0,20190114,20190118
3452,1,1,1,1,1,0,0,20190114,20190118
402,1,1,1,1,1,0,0,20181112,20181207
3419,0,0,1,1,1,0,0,20181107,20181207
99,1,1,1,1,1,0,0,20181210,20190201
3440,1,1,1,1,1,0,0,20181210,20190201
3326,1,1,1,1,1,0,0,20181210,20190201
2335,1,1,0,1,1,0,0,20181105,20181207
3540,0,1,0,0,1,1,0,20181211,20190202
3538,1,0,0,1,1,0,0,20181224,20190104
3553,1,1,0,1,1,0,0,20181210,20190201
3539,0,1,0,0,1,1,0,20181106,20181208
3555,1,1,1,1,0,0,0,20181105,20181206
889,0,1,0,0,0,0,0,20181225,20190101
3545,1,0,1,0,1,0,0,20181105,20181207
3546,0,1,0,1,0,0,0,20181106,20181206
1737,0,0,0,0,1,0,0,20181214,20190201
1735,1,0,0,0,0,0,0,20181210,20190128
3290,1,1,1,1,1,1,0,20181210,20190202
1874,1,1,1,1,0,0,0,20181210,20190131
3557,1,1,1,1,1,0,0,20181231,20190201
3558,0,0,0,0,0,1,0,20181215,20181229
3548,0,0,0,0,0,1,1,20181209,20190101
3552,0,0,0,0,0,1,0,20190105,20190202
3556,0,0,0,0,0,0,1,20190106,20190203
3551,0,0,0,0,0,1,1,20190105,20190203
1875,0,0,0,0,1,0,0,20181214,20190201
2337,0,0,1,0,0,0,0,20181212,20190130
2322,1,1,0,1,1,0,0,20181210,20190201
3559,1,1,0,1,1,0,0,20181210,20190201
2328,1,0,1,1,1,0,0,20181224,20190104
3580,1,1,1,1,1,1,0,20181105,20181208
3629,1,1,1,1,1,1,0,20181105,20181208
3712,1,1,1,1,0,1,1,20181209,20181231
3592,1,1,1,1,0,1,1,20181209,20190203
3578,0,0,0,0,1,0,0,20181214,20190201
1563,1,0,0,0,0,0,0,20181112,20181119
1459,0,1,1,1,1,0,0,20181106,20181109
3573,1,1,1,1,0,1,0,20181105,20181208
3606,0,0,0,0,0,0,1,20181209,20190203
3713,1,1,1,1,0,1,0,20181210,20181231
35,1,0,0,0,0,0,0,20181105,20181203
3708,1,1,1,1,0,1,0,20190102,20190202
3711,0,0,0,0,1,0,1,20181209,20181230
195,0,0,0,0,0,0,1,20181209,20190203
3710,0,0,0,0,1,0,1,20181109,20181207
3593,1,1,1,1,0,1,1,20181105,20181208
3905,1,1,1,1,1,0,0,20181203,20181207
1677,0,0,0,0,1,0,0,20181214,20190104
1670,0,1,0,0,0,1,1,20181224,20190106
3963,0,0,0,1,1,0,0,20190110,20190201
3959,0,0,0,0,1,0,0,20190111,20190201
3962,0,0,0,1,1,0,0,20181213,20190104
3955,0,0,0,0,0,1,1,20190112,20190203
567,0,0,0,0,0,0,1,20190113,20190203
1641,0,1,0,0,0,0,1,20181224,20190106
3958,1,0,0,0,0,0,0,20190114,20190128
3957,0,0,1,0,0,0,0,20181224,20190107
3961,0,0,0,1,1,0,0,20181108,20181207
137,1,0,0,0,0,0,0,20181105,20181203
3956,0,1,1,1,1,0,0,20181211,20190201
2656,1,0,0,0,0,0,0,20181210,20190128
3897,0,0,0,0,1,1,1,20181109,20181208
3941,1,1,1,1,1,0,1,20181105,20181207
3915,0,0,0,0,0,0,1,20181111,20181202
3913,1,1,1,1,1,1,0,20181105,20181208
3914,1,1,1,1,0,0,0,20181105,20181206
6499,0,0,0,0,0,1,1,20181209,20190203
6495,1,1,1,1,1,1,1,20181209,20190203
6491,0,0,0,0,0,1,1,20181209,20190203
610,1,0,0,0,0,0,0,20181224,20181231
6503,0,0,0,0,0,1,1,20181209,20190203
6497,1,1,1,1,1,1,1,20181209,20190203
6489,0,0,0,0,0,0,1,20181230,20190203
6494,1,1,1,1,1,1,1,20181230,20190203
6496,1,1,1,1,1,1,0,20181231,20190202
6498,1,1,1,1,1,1,1,20181209,20181229
3778,1,1,1,1,1,0,0,20181231,20190201
6487,0,0,0,0,0,1,0,20190105,20190202
1693,1,1,1,1,1,0,0,20181210,20181228
5227,0,0,0,0,0,0,1,20181209,20181223
3911,0,0,0,0,0,0,1,20181209,20181225
6501,0,0,0,0,0,1,1,20181209,20181225
6493,1,1,1,1,1,1,1,20181209,20181229
468,1,1,1,1,1,1,0,20181210,20181229
6500,0,0,0,0,0,0,1,20181230,20190203
6492,1,1,0,0,0,0,0,20181210,20181211
13218,1,1,1,1,1,1,1,20181209,20190203
3759,1,1,1,1,1,1,1,20181209,20190203
1425,0,0,0,0,0,1,0,20181215,20190202
1593,1,1,1,1,1,1,1,20181209,20190203
444,0,0,0,0,1,0,1,20181209,20190203
643,1,1,1,1,0,1,0,20181210,20190202
1608,0,1,1,1,1,0,0,20181211,20190201
1602,1,0,0,0,0,0,0,20181210,20190128
3970,1,1,0,1,1,0,0,20181119,20181130
4071,0,0,0,0,0,0,1,20181209,20190203
4070,0,0,0,0,1,1,0,20181214,20190202
3981,0,0,0,0,0,0,1,20181209,20190203
4008,1,1,1,1,1,0,0,20181210,20190118
1035,1,1,1,1,1,0,0,20190121,20190201
3277,1,1,1,1,1,0,0,20181210,20190201
4067,1,1,1,0,0,0,0,20181210,20181212
1393,1,1,1,1,1,0,0,20181105,20181118
3974,1,1,1,1,1,0,0,20181105,20181118
4074,1,0,0,1,1,0,0,20181224,20190104
4068,0,0,0,0,0,1,0,20181110,20181125
2783,0,0,0,0,0,1,0,20181215,20190202
3529,1,1,0,1,1,0,0,20181210,20190201
4075,1,1,0,1,1,0,0,20181210,20190201
846,0,0,1,0,0,0,0,20181212,20190130
4091,0,0,0,0,0,1,1,20181110,20181201
1302,1,1,1,1,1,0,0,20181105,20181130
4090,0,0,0,0,0,0,1,20181202,20181208
4085,1,1,1,1,1,1,1,20181105,20181201
1094,0,0,0,0,0,0,1,20181111,20181125
4082,1,1,1,1,1,0,0,20181105,20181130
4089,1,1,1,1,1,1,0,20181203,20181208
4095,1,1,1,1,1,1,0,20181105,20181201
4088,1,1,1,1,1,1,0,20181105,20181201
4097,0,0,1,0,0,0,0,20181107,20181128
3062,1,1,0,1,1,0,0,20181203,20181207
4092,1,1,0,1,1,0,0,20181105,20181130
4072,0,0,0,0,0,1,0,20181215,20190202
4073,1,1,1,1,1,0,0,20181210,20190201
2688,0,0,1,0,0,0,0,20181212,20190130
2147,0,0,0,0,0,1,0,20181201,20181208
3260,1,1,1,1,1,0,0,20181105,20181207
2851,0,0,0,0,0,1,0,20181110,20181124
25,0,0,0,0,0,1,0,20181110,20181208
4079,0,0,1,0,0,1,0,20181107,20181208
4114,1,1,1,1,1,0,0,20181210,20190201
4115,1,1,1,1,1,0,0,20181210,20190201
4076,0,0,0,0,0,1,0,20181215,20190202
4080,0,0,1,0,0,1,0,20181212,20190202
4081,0,0,1,0,0,1,0,20181212,20190202
4023,0,0,0,0,0,0,1,20181209,20190203
4022,0,0,0,0,0,1,0,20181215,20190202
4077,1,0,0,1,1,0,0,20181224,20190104
4078,1,1,1,1,0,0,0,20181210,20190131
4084,1,1,1,1,1,0,0,20181210,20190201
4083,0,0,0,0,0,0,1,20181209,20190203
4099,1,1,1,1,1,0,0,20181210,20190201
4094,0,1,1,1,1,0,0,20181226,20190104
4093,1,1,1,1,1,0,0,20181210,20190201
4096,0,0,1,0,0,0,0,20181212,20190130
4116,1,1,1,1,1,0,0,20181210,20190118
18,1,1,1,1,1,1,0,20181105,20181208
4120,1,1,1,1,1,1,0,20181210,20190202
4357,0,1,1,1,0,0,0,20181106,20181206
1331,0,0,0,0,1,0,0,20181109,20181116
4137,1,0,0,0,1,0,0,20181119,20181207
4371,1,0,0,0,1,0,0,20181119,20181207
4254,0,0,0,0,1,0,1,20181109,20181207
4231,1,1,1,1,1,0,1,20181105,20181207
4264,1,0,0,1,0,0,0,20181105,20181206
4215,1,1,1,1,1,1,1,20181105,20181208
4142,1,1,1,1,1,0,0,20181105,20181207
4260,0,0,0,0,0,1,1,20181110,20181208
212,0,0,0,0,0,1,0,20181110,20181208
4262,1,1,1,1,0,0,0,20181105,20181206
4266,1,1,1,1,1,1,1,20181105,20181208
4251,1,1,1,1,0,1,0,20181105,20181208
4275,0,0,1,0,1,0,0,20181107,20181207
4253,0,0,0,0,1,0,1,20181109,20181130
4268,1,0,0,0,0,0,0,20181105,20181203
4276,1,1,1,1,1,1,1,20181105,20181208
4282,1,0,0,0,0,1,1,20181105,20181208
4285,0,0,0,0,0,1,1,20181110,20181208
4279,0,1,1,1,1,0,0,20181106,20181208
4272,0,0,0,0,1,0,1,20181109,20181202
4277,0,0,0,0,0,1,1,20181110,20181202
2668,1,1,1,1,1,0,1,20181209,20190203
951,1,1,1,1,0,0,1,20181209,20190203
4359,0,1,1,1,0,0,0,20181211,20190131
4250,0,0,0,0,0,1,0,20190107,20190202
4255,0,0,0,0,1,0,1,20181224,20190203
4273,1,1,1,1,1,0,1,20181209,20190203
4278,0,0,0,0,1,0,1,20181109,20181207
4259,1,1,1,1,1,1,1,20181209,20190203
4258,0,0,0,0,0,0,1,20181209,20190203
4252,1,1,1,1,1,0,0,20181210,20190201
4270,1,1,1,1,1,0,0,20181210,20190131
4248,1,0,0,0,0,0,0,20181210,20190128
4249,1,1,1,1,0,1,0,20190107,20190202
4274,0,0,1,0,1,0,0,20181212,20190201
4256,0,0,0,0,1,0,0,20181214,20190201
4280,0,1,1,1,1,0,0,20181211,20190201
4263,1,1,1,1,0,0,0,20181210,20190131
4261,0,0,0,0,0,1,1,20181209,20190203
4315,0,0,0,0,0,1,1,20190107,20190203
4283,0,0,0,0,0,1,1,20181209,20190203
4281,1,0,0,0,0,1,1,20181224,20190203
4257,0,0,0,0,1,0,1,20190107,20190203
4269,1,0,0,0,0,0,0,20181210,20190128
4306,0,0,0,0,0,1,0,20181222,20190105
4207,1,0,1,1,1,0,0,20181224,20190104
4265,1,0,0,1,0,0,0,20181210,20190131
660,0,0,0,0,1,0,1,20181109,20181207
4305,1,1,1,1,1,1,1,20181222,20190106
4158,1,1,1,1,1,1,0,20190107,20190202
4304,1,0,1,1,1,1,0,20181222,20190105
4310,1,1,1,1,1,0,0,20181210,20190201
4311,1,0,1,1,1,0,0,20181224,20190104
4312,1,0,1,1,1,1,0,20181222,20190105
4309,0,1,0,0,0,0,1,20181223,20190106
4339,1,0,1,1,1,1,0,20181222,20190105
4301,0,1,0,0,0,1,1,20181222,20190106
4214,0,0,0,0,1,0,0,20181221,20190104
4317,1,1,1,1,1,0,1,20181105,20181207
197,1,1,1,1,0,0,1,20181105,20181206
4318,1,1,1,1,0,0,0,20181210,20190131
4353,0,0,1,0,1,0,0,20181107,20181207
4352,0,0,1,0,1,0,0,20181212,20190201
1303,1,1,1,1,0,1,0,20181105,20181208
4350,0,1,1,1,1,1,0,20181211,20190202
4351,0,1,1,1,1,1,0,20181106,20181208
4358,1,1,0,1,1,0,0,20181210,20190201
4354,1,1,1,1,1,0,0,20181210,20190201
4366,1,1,0,1,1,0,0,20181210,20190201
4355,1,0,0,0,0,0,0,20181210,20190128
4356,1,0,0,0,0,0,0,20181210,20190128
2470,0,0,0,0,0,1,1,20181209,20190203
774,1,0,0,0,0,0,0,20181119,20181203
5589,1,1,1,0,0,0,0,20181119,20181205
7692,0,0,0,1,0,0,0,20181108,20181115
624,0,0,0,0,1,0,0,20181109,20181116
3652,0,0,0,0,1,0,0,20181123,20181207
2505,0,0,0,0,1,1,0,20181207,20181208
882,0,0,0,0,0,1,1,20181110,20181111
14200,0,0,0,0,1,1,0,20181117,20181124
14201,1,1,1,1,0,0,0,20181203,20181206
2056,1,1,1,1,0,0,0,20181105,20181115
7693,0,0,0,1,0,0,0,20181122,20181206
7132,0,0,0,0,0,1,0,20181117,20181125
6733,1,1,1,1,0,0,0,20181119,20181129
7681,0,0,0,0,1,1,0,20181109,20181116
6784,1,1,1,1,0,0,0,20181105,20181115
7402,0,0,0,0,0,1,1,20181117,20181125
7695,1,1,1,0,0,0,0,20181105,20181114
7685,1,1,1,1,1,1,1,20181105,20181116
14203,0,0,0,0,0,1,0,20181117,20181125
3730,0,1,1,1,1,0,0,20181120,20181207
14204,1,0,0,0,0,0,0,20181119,20181203
7666,1,1,1,1,1,0,0,20181105,20181112
14205,0,0,0,0,1,1,0,20181117,20181208
14206,1,1,1,1,1,0,0,20181203,20181207
14207,0,0,0,0,0,0,1,20181118,20181125
7669,1,1,1,1,1,0,0,20181105,20181112
14208,1,0,0,0,0,0,0,20181119,20181203
7683,1,1,1,1,1,1,1,20181117,20181208
3611,0,0,0,0,1,0,0,20181214,20190201
4477,1,1,0,0,0,0,0,20181119,20181130
4086,1,1,1,1,1,0,0,20181105,20181130
4450,0,0,1,0,1,0,0,20181107,20181130
4447,1,1,1,1,0,0,0,20181119,20181129
13254,0,0,0,0,1,1,0,20181210,20181230
13265,1,1,1,1,1,1,1,20181209,20190203
13256,1,1,1,1,0,0,0,20181217,20190131
13281,1,1,1,1,0,0,0,20181210,20181223
13252,0,0,0,0,1,0,0,20190104,20190118
13283,1,1,1,1,1,1,0,20190108,20190202
1651,1,1,1,1,1,1,0,20181210,20190202
6188,1,1,1,1,1,0,0,20181210,20190201
13269,1,1,1,1,1,1,0,20181210,20190202
5992,0,0,0,0,1,0,1,20181209,20190203
13261,1,1,1,1,1,1,1,20181209,20190203
13275,1,1,1,1,1,1,1,20181209,20190203
13282,1,1,1,1,1,1,0,20181210,20181223
6644,1,1,1,1,1,1,0,20181210,20190202
2345,1,0,1,1,1,1,0,20181222,20190105
4421,1,0,0,0,0,0,0,20181119,20181130
1738,0,0,1,0,0,0,0,20181226,20190102
4496,0,0,0,0,1,0,0,20181214,20190201
1741,1,1,0,1,1,0,0,20181210,20190201
4489,1,1,0,1,1,0,0,20181210,20190201
4493,1,0,1,1,0,0,0,20181224,20190103
4492,1,0,0,0,0,0,0,20181210,20190128
4511,0,1,0,0,0,0,1,20181223,20190106
1698,0,1,1,1,1,0,0,20181211,20190201
2341,1,1,1,1,1,1,0,20190107,20190202
4485,0,1,1,1,1,1,0,20181106,20181208
17,0,0,1,0,0,1,0,20181107,20181208
4497,0,0,1,0,0,1,0,20190107,20190202
4494,0,0,0,0,0,1,0,20181222,20190105
408,0,0,0,0,0,1,0,20181110,20181208
4502,0,0,1,0,0,1,0,20181107,20181208
2333,0,0,0,0,0,1,0,20190107,20190202
4495,1,1,1,1,1,0,0,20181210,20190201
4491,0,0,1,0,0,0,0,20181107,20181205
4512,0,0,0,0,0,0,1,20181110,20181202
4507,0,0,0,0,0,0,1,20181209,20190203
2166,1,1,0,1,0,0,0,20181210,20190131
2326,0,0,0,0,1,1,1,20181209,20190203
4503,1,1,1,1,0,0,0,20190107,20190131
4501,1,0,0,0,0,0,0,20181210,20190128
2743,0,0,0,0,0,0,1,20181118,20181202
4519,1,1,1,1,1,1,1,20181105,20181208
4520,1,1,1,1,1,1,1,20181209,20190203
14209,0,0,0,0,0,1,1,20181209,20190203
14210,0,0,0,0,0,1,0,20181215,20190202
14211,1,1,1,1,1,0,0,20181210,20190201
14212,1,1,1,1,1,1,0,20190107,20190202
14213,1,1,1,1,1,1,1,20181209,20190203
14214,1,1,1,1,1,0,1,20181209,20190203
14215,1,1,1,1,1,0,0,20181210,20190201
14216,1,1,1,1,1,0,0,20181210,20190201
14217,0,0,0,0,0,0,1,20181209,20190203
14218,1,1,1,1,1,0,0,20181210,20190201
14219,0,0,0,0,0,1,1,20181209,20190203
14220,0,0,0,0,1,0,0,20181214,20190201
13245,0,0,0,0,0,1,0,20181215,20190202
13244,1,1,1,1,0,0,0,20181210,20190131
6403,0,0,0,0,1,0,0,20181214,20190201
13222,1,1,1,1,1,1,1,20181209,20190203
6415,1,1,1,1,1,0,0,20181210,20190201
13248,1,1,1,1,0,0,0,20181210,20190131
6455,0,0,0,0,0,0,1,20181209,20190203
14221,0,0,0,0,0,0,1,20181209,20190203
14222,1,1,1,1,1,0,0,20181210,20190201
13228,0,0,0,0,0,0,1,20181209,20190203
14223,1,1,1,1,1,0,0,20181210,20190201
6394,0,0,0,0,0,1,0,20181215,20190202
14224,0,0,0,0,0,0,1,20181209,20190203
14225,0,0,0,0,0,0,1,20181209,20190203
14226,0,0,0,0,0,0,1,20181209,20190203
14227,1,1,1,1,1,0,0,20181210,20190201
14228,1,1,1,1,1,1,1,20181209,20190203
14229,1,1,1,1,1,0,0,20181210,20190201
14230,1,1,1,1,1,1,0,20190107,20190202
14231,1,1,1,1,1,0,1,20181209,20190203
14232,0,0,0,0,0,0,1,20181209,20190203
6406,1,1,1,1,1,1,0,20190107,20190202
14233,1,1,1,1,1,1,1,20181209,20190203
14234,0,0,0,0,0,1,0,20181215,20190202
6407,1,1,1,1,1,0,0,20181210,20190201
4616,1,1,0,1,1,0,0,20181105,20181207
4617,0,0,1,0,0,0,0,20181107,20181205
14235,1,1,1,1,1,0,0,20181210,20190201
14236,1,1,1,1,1,0,0,20181210,20190201
14237,1,1,1,1,1,0,0,20181210,20190201
14238,0,0,0,0,0,1,0,20181215,20190202
6390,0,0,0,0,0,0,1,20181209,20190203
14239,1,0,0,0,0,0,0,20181224,20181231
14240,0,0,0,0,0,1,0,20181215,20190202
14241,0,0,0,0,1,0,0,20181214,20190201
14242,0,0,0,0,1,0,0,20181214,20190201
14243,0,0,0,0,1,0,0,20181214,20190201
6400,1,1,1,1,0,0,0,20181210,20190131
14244,0,1,1,1,1,0,0,20181211,20190201
14245,0,0,0,0,0,0,1,20181209,20190203
14246,1,0,0,0,0,0,0,20181210,20190128
14247,1,1,1,1,1,0,0,20181210,20190201
14248,1,1,1,1,0,0,0,20181210,20190131
14249,0,0,0,0,1,0,0,20181214,20190201
6388,0,0,0,0,0,1,0,20190121,20190202
14250,1,1,1,1,1,0,0,20181210,20190201
14251,1,1,1,1,1,0,0,20181210,20190201
14252,0,0,0,0,0,1,1,20181209,20190203
14253,1,1,1,1,1,0,0,20181210,20190201
14254,1,1,1,1,1,1,1,20181209,20190203
14255,1,1,1,1,1,0,0,20181210,20190201
14256,0,0,0,0,0,1,0,20181215,20190202
14257,0,0,0,0,0,1,0,20181215,20190202
14258,0,0,0,0,0,1,0,20181215,20190202
14259,1,0,0,0,0,0,0,20181210,20190128
14260,1,0,0,0,0,0,0,20181210,20190128
14261,1,1,1,1,1,0,1,20181209,20190203
14262,1,1,1,1,1,0,1,20181209,20190203
14263,1,1,1,1,1,0,0,20181210,20190201
14264,1,1,1,1,1,0,0,20181210,20190201
14265,0,0,0,0,1,0,0,20181214,20190201
14266,1,1,1,1,0,1,1,20181209,20190203
14267,1,1,1,1,1,0,1,20181209,20190203
14268,1,1,1,1,1,0,1,20181209,20190203
14269,1,1,1,1,1,1,1,20181209,20190203
14270,1,1,1,1,1,0,0,20181210,20190201
14271,0,1,1,1,1,0,0,20181211,20190201
14272,0,0,0,0,0,0,1,20181209,20190203
14273,0,0,0,0,0,0,1,20181209,20190203
14274,0,0,0,0,0,1,0,20181215,20190202
14275,0,1,1,1,1,0,0,20181211,20190201
14276,0,0,0,0,0,1,0,20181215,20190202
14277,0,0,0,0,0,1,0,20181215,20190202
14278,1,0,0,0,0,0,0,20181224,20181231
14279,1,1,1,1,0,0,0,20181210,20190131
2062,0,0,0,0,0,1,1,20181201,20181208
2124,0,0,0,0,1,0,0,20181130,20181207
5775,0,0,0,0,1,1,1,20181109,20181125
38,0,0,0,0,0,1,0,20181110,20181208
3093,1,1,1,1,1,1,0,20181201,20181208
4730,0,0,0,0,0,1,1,20181110,20181208
80,0,0,0,0,0,0,1,20181111,20181202
4699,1,1,1,1,1,1,1,20181105,20181208
5780,1,1,1,1,1,1,0,20181105,20181130
5781,0,0,0,0,0,1,1,20181110,20181125
175,1,1,1,1,1,1,0,20181105,20181208
14280,1,1,1,1,1,0,0,20181105,20181207
14281,0,0,0,0,0,1,0,20181110,20181208
5823,1,1,1,1,1,1,0,20181105,20190202
5816,1,1,1,1,1,0,0,20181105,20190201
14282,0,0,0,0,0,1,1,20181110,20181208
14283,1,1,1,1,1,0,0,20181105,20181207
14284,1,1,1,1,1,0,0,20181105,20181207
251,0,0,0,0,0,0,1,20181111,20181202
14285,0,0,0,0,0,1,1,20181110,20181208
173,0,0,0,0,0,1,1,20181110,20181208
14286,0,0,0,0,0,1,0,20181110,20181208
14287,1,1,1,1,1,0,0,20181105,20181207
5954,0,0,0,0,0,1,1,20181110,20190203
5955,1,1,1,1,1,0,1,20181105,20190203
5961,1,1,1,1,1,1,1,20181105,20190203
5946,0,0,0,0,0,1,0,20181110,20190202
6424,1,1,1,1,1,1,1,20181105,20181208
14288,0,0,0,0,0,0,1,20181118,20181202
6389,0,0,0,0,0,1,0,20181110,20181208
14289,0,1,1,1,1,0,0,20181106,20181207
14290,0,0,0,0,0,1,0,20181110,20181208
14291,1,1,1,1,0,0,0,20181105,20181206
14292,0,0,0,0,1,0,0,20181109,20181207
14293,0,0,0,0,0,1,0,20181110,20181208
6411,0,0,0,0,0,1,0,20181110,20181208
6413,1,1,1,1,0,0,0,20181126,20181129
14294,1,0,0,0,0,0,0,20181105,20181203
6414,1,1,1,1,1,1,1,20181105,20181208
14295,1,1,1,1,1,0,0,20181105,20181207
14296,0,0,0,0,0,1,1,20181110,20181208
2692,1,1,1,1,0,0,0,20181105,20181129
14297,1,1,1,1,1,0,0,20181105,20181207
662,0,0,0,0,1,0,0,20181109,20181207
14298,1,1,1,1,1,0,0,20181105,20181207
6431,1,1,1,1,1,0,1,20181105,20181207
14299,0,0,0,0,0,1,0,20181110,20181208
14300,1,0,0,0,0,0,0,20181105,20181203
568,0,0,0,0,0,0,1,20181111,20181202
14301,1,1,1,1,0,1,1,20181105,20181208
14302,1,1,1,1,1,0,0,20181105,20181207
14303,0,0,0,0,1,0,0,20181109,20181207
6410,1,1,1,1,1,0,0,20181126,20181130
14304,0,0,0,0,0,1,0,20181110,20181201
14305,1,1,1,1,1,0,1,20181105,20181207
14306,1,1,1,1,1,0,1,20181105,20181207
14307,0,0,0,0,0,1,0,20181110,20181208
14308,0,1,1,1,1,0,0,20181106,20181207
14309,0,0,0,0,0,1,0,20181110,20181208
6398,1,1,1,1,1,1,1,20181105,20181208
14311,0,0,0,0,1,0,0,20181109,20181207
14312,0,0,0,0,0,1,0,20181110,20181208
14313,0,0,0,0,0,1,0,20181110,20181208
14314,1,1,1,1,1,1,1,20181105,20181208
14315,0,0,0,0,0,0,1,20181111,20181202
14316,1,1,1,1,1,0,0,20181105,20181207
14317,0,0,0,0,0,1,1,20181110,20181208
14318,1,1,1,1,1,1,1,20181105,20181208
14319,1,1,1,1,1,0,0,20181105,20181207
14320,0,0,0,0,0,1,0,20181110,20181208
14321,0,0,0,0,1,0,0,20181109,20181207
14322,1,1,1,1,0,0,0,20181105,20181206
689,0,0,0,0,1,0,0,20181109,20181207
14323,0,0,0,0,0,1,0,20181110,20181208
14324,1,1,1,1,1,0,0,20181105,20181207
14325,0,0,0,0,0,1,1,20181110,20181208
14326,1,0,0,0,0,0,0,20181105,20181203
14327,1,1,1,1,1,0,0,20181105,20181207
14328,0,0,0,0,0,1,1,20181110,20181208
14329,0,0,0,0,0,1,0,20181110,20181208
14330,0,0,0,0,0,1,1,20181110,20181208
14331,1,1,1,1,1,0,0,20181105,20181207
14332,0,0,0,0,0,1,1,20181110,20181208
14333,0,0,0,0,1,0,0,20181109,20181207
14334,1,1,1,1,1,0,0,20181105,20181207
14335,1,1,1,1,1,0,0,20181105,20181207
14336,1,1,1,1,1,1,0,20181105,20181208
14337,0,0,0,0,0,0,1,20181111,20181202
14338,0,0,0,0,0,1,1,20181110,20181208
14339,1,1,1,1,1,1,0,20181105,20181208
14340,0,0,0,0,0,1,0,20181110,20181208
14341,1,1,1,1,1,0,0,20181105,20181207
14342,1,1,1,1,1,0,0,20181105,20181207
14343,0,0,0,0,0,0,1,20181111,20181125
14344,0,0,0,0,1,0,0,20181109,20181207
14345,1,1,1,1,1,0,1,20181105,20181207
14346,0,0,0,0,0,1,1,20181110,20181208
14347,1,1,1,1,1,1,1,20181105,20181208
14348,1,1,1,1,1,0,0,20181105,20181207
14349,0,0,0,0,1,0,0,20181109,20181207
6449,1,1,1,1,0,1,0,20181105,20181208
14350,0,0,0,0,0,0,1,20181111,20181202
14351,0,0,0,0,0,0,1,20181111,20181202
14352,1,1,1,1,1,0,0,20181105,20181207
6468,0,0,0,0,0,1,1,20181110,20181125
14353,0,0,0,0,0,1,0,20181110,20181208
14354,1,1,1,1,1,1,1,20181105,20181208
14355,1,1,1,1,1,0,0,20181105,20181207
14356,1,1,1,1,1,0,0,20181119,20181207
14357,0,0,0,0,0,0,1,20181111,20181202
14358,1,1,1,1,1,0,0,20181105,20181207
6484,0,0,0,0,0,1,1,20181110,20181202
14360,0,0,0,0,0,1,0,20181215,20190202
14361,0,0,0,0,0,1,0,20181215,20190202
14362,1,1,1,1,1,0,0,20181210,20190201
6447,0,0,0,0,0,0,1,20181209,20190203
14363,1,0,0,0,0,0,0,20181210,20190128
14364,0,0,0,0,0,1,1,20181209,20190203
14365,1,1,1,1,1,0,0,20181210,20190201
14366,0,0,0,0,0,1,0,20181215,20190202
6460,1,1,1,1,1,0,1,20181209,20190203
6481,0,0,0,0,0,1,1,20181209,20190203
6448,1,1,1,1,0,1,0,20181210,20190202
14367,1,1,1,1,1,1,1,20181209,20190203
14368,1,1,1,1,1,0,0,20190107,20190201
14369,0,0,0,0,1,0,0,20181214,20190201
14370,1,1,1,1,1,0,0,20181210,20190201
14371,1,1,1,1,1,1,1,20181209,20190203
14372,1,1,1,1,1,0,0,20181210,20190201
14373,0,0,0,0,0,0,1,20181209,20190203
14374,0,0,0,0,0,0,1,20181209,20190203
14375,0,0,0,0,0,1,0,20181215,20190202
14376,0,0,0,0,1,0,0,20181214,20190201
14377,0,0,0,0,1,0,0,20181214,20190201
14378,1,1,1,1,1,1,1,20181209,20190203
14379,0,0,0,0,0,1,0,20181215,20190202
14380,1,1,1,1,0,0,0,20181210,20190131
14381,0,0,0,0,0,1,0,20181215,20190202
14382,1,1,1,1,1,0,0,20181210,20190201
14383,0,0,0,0,1,0,0,20181214,20190201
14384,1,1,1,1,0,1,1,20181209,20190203
14385,1,1,1,1,1,0,0,20181210,20190201
14386,0,0,0,0,0,1,0,20181215,20190202
14387,0,0,0,0,0,1,1,20181209,20190203
14388,0,0,0,0,0,1,1,20181209,20190203
14389,0,0,0,0,0,0,1,20181209,20190203
14390,0,0,0,0,0,1,1,20181209,20190203
14391,0,0,0,0,0,0,1,20181209,20190203
14392,1,1,1,1,1,1,0,20181210,20190202
14393,1,1,1,1,1,0,0,20181210,20190201
14394,0,0,0,0,1,0,0,20181214,20190201
14395,1,1,1,1,1,1,1,20181209,20190203
14396,1,1,1,1,1,0,0,20181210,20190201
14397,1,1,1,1,1,1,0,20190107,20190202
14398,0,0,0,0,0,1,1,20181209,20190203
14399,1,1,1,1,1,0,0,20181210,20190201
14400,0,0,0,0,0,1,1,20181209,20190203
14401,1,1,1,1,1,0,0,20181210,20190201
14402,1,1,1,1,1,0,0,20181210,20190201
14403,0,0,0,0,1,0,0,20181214,20190201
14404,1,1,1,1,1,0,0,20181210,20190201
14405,1,1,1,1,1,0,0,20181210,20190201
14406,0,0,0,0,0,1,1,20181209,20190203
14407,0,0,0,0,0,0,1,20181209,20190203
3198,0,0,0,0,0,1,1,20181124,20181208
3906,0,0,0,0,0,1,0,20181117,20181208
1878,0,0,0,0,0,1,1,20181110,20181111
3910,0,0,0,0,0,0,1,20181118,20181202
2744,0,0,0,0,0,0,1,20181125,20181202
1715,1,0,0,0,0,0,0,20181119,20181125
3422,1,0,0,0,0,0,0,20181105,20181112
6502,1,1,1,0,0,0,0,20181203,20181205
6486,0,0,0,0,0,1,0,20181110,20181117
1254,1,1,1,1,1,1,1,20181105,20181118
6488,0,1,1,1,1,0,0,20181106,20181116
6531,0,0,0,0,0,1,1,20181119,20181208
3363,0,0,0,0,0,1,1,20181118,20181208
1246,0,0,0,0,0,0,1,20181125,20181202
6522,1,1,1,1,1,0,0,20181119,20181207
6530,0,0,0,0,1,0,1,20181123,20181125
6327,0,0,0,0,1,1,1,20181109,20181208
555,1,1,1,1,1,0,0,20181126,20181207
6520,1,1,1,1,1,0,0,20181105,20181122
6535,1,1,1,1,0,0,0,20181127,20181206
6574,0,0,0,0,1,1,1,20181109,20181208
1922,1,1,1,0,0,0,0,20181105,20181107
6540,1,1,1,1,1,1,1,20181109,20181208
6563,1,1,1,1,1,1,1,20181119,20181202
6605,1,1,1,1,1,1,1,20181119,20181208
4749,0,1,1,1,0,0,0,20181113,20181115
2222,1,1,1,1,1,1,0,20181105,20181110
4152,1,1,1,1,1,1,0,20181126,20181208
6516,1,1,1,1,1,0,0,20181112,20181124
2752,1,0,0,0,0,0,0,20181112,20181126
6504,1,1,1,1,1,0,0,20181128,20181207
6505,0,1,1,1,1,0,0,20181106,20181127
14408,1,1,1,1,1,1,1,20181124,20181208
6512,1,1,1,1,1,0,1,20181119,20181207
1294,0,0,0,0,0,1,0,20181124,20181208
6526,1,1,1,1,1,1,0,20181105,20181208
6584,1,1,1,1,1,0,0,20181112,20181127
6585,1,1,1,1,1,0,0,20181128,20181207
14409,1,1,1,1,1,0,0,20181105,20181123
6536,1,1,1,1,1,1,0,20181119,20181208
6569,0,0,0,0,1,1,0,20181109,20181208
6568,1,1,1,1,0,0,0,20181128,20181206
6565,1,1,1,1,0,0,0,20181105,20181127
6604,1,1,1,1,1,1,1,20181108,20181208
6597,0,0,0,0,0,1,1,20181124,20181208
556,1,1,1,1,1,0,0,20181105,20181109
4582,1,1,1,1,0,0,0,20181108,20181115
6555,1,1,1,1,1,1,0,20181119,20181208
6553,1,1,1,1,1,0,0,20181119,20181123
6521,1,1,1,1,1,0,0,20181210,20190201
6533,0,0,0,0,0,1,1,20181209,20190203
6587,1,1,1,1,1,0,0,20181210,20190201
6582,1,1,1,1,1,0,0,20181210,20181223
6588,1,0,0,0,0,1,1,20181224,20190106
6581,1,1,1,1,1,0,0,20190108,20190201
6589,0,0,0,0,0,1,1,20190112,20190203
6523,0,0,0,0,0,0,1,20181209,20190203
6528,1,1,1,1,0,0,0,20190107,20190124
3858,1,1,1,1,1,0,0,20181210,20181214
6571,1,1,1,1,1,1,1,20181209,20190203
6527,1,1,1,1,1,1,0,20181210,20190202
6508,1,0,0,0,0,0,0,20181210,20190128
6595,0,0,0,0,0,1,0,20181215,20190202
159,0,0,0,0,0,0,1,20181209,20190127
6514,1,1,1,1,1,1,1,20181209,20190202
6557,0,0,0,0,0,0,1,20181209,20190203
6509,0,1,1,1,1,0,0,20181211,20190104
6583,1,1,1,1,1,0,1,20181209,20190203
6506,0,1,1,1,1,0,0,20190108,20190201
2274,1,1,1,1,0,0,0,20181210,20181220
6599,1,1,1,1,1,1,1,20181209,20190107
6598,1,1,1,1,1,0,0,20190128,20190201
6518,1,1,1,1,1,1,0,20181210,20190202
6558,1,1,1,1,1,1,1,20181209,20190203
6600,1,1,1,1,1,1,1,20190108,20190203
6602,1,1,1,1,1,1,1,20181209,20190203
6560,1,1,1,1,1,1,0,20181210,20190202
6590,1,1,1,1,1,1,1,20181209,20190203
6545,0,0,0,0,0,1,1,20190112,20190127
6542,1,1,1,1,1,0,0,20181210,20190201
6577,1,1,1,1,1,1,1,20190108,20190203
6539,0,0,0,0,0,1,1,20181209,20181230
6541,0,1,0,0,0,1,1,20190101,20190106
6575,1,1,1,1,1,1,1,20181210,20190107
3401,0,0,0,0,0,0,1,20181209,20190203
6547,0,0,0,0,0,0,1,20181209,20190127
14410,1,1,1,1,1,1,1,20181209,20190203
5843,0,0,0,0,1,0,0,20181123,20181130
5857,1,1,1,1,0,0,0,20181105,20181206
5052,0,0,0,0,1,0,0,20181109,20181207
6619,1,1,1,1,0,0,0,20181105,20181206
116,0,0,0,0,1,0,0,20181116,20181207
6649,1,1,1,1,0,0,0,20181105,20181108
6620,1,1,1,1,0,0,0,20181105,20181206
972,0,0,0,0,1,0,0,20181116,20181130
4656,0,1,1,1,0,0,0,20181106,20181108
6610,0,1,1,1,1,0,0,20181214,20190104
6609,0,0,0,0,0,1,1,20181216,20190106
6612,0,0,0,0,0,0,1,20181223,20190106
6618,0,0,0,0,0,0,1,20181216,20190106
6617,0,1,1,1,0,0,0,20181211,20190103
5763,0,0,0,0,0,1,0,20181222,20190105
6615,1,0,0,0,0,0,0,20181210,20181223
6613,1,1,1,1,0,0,0,20181210,20181223
6614,0,0,0,0,0,1,1,20181222,20190105
1654,1,1,1,1,1,1,0,20181210,20190105
1661,1,1,1,1,1,1,1,20181209,20190106
6622,1,1,1,1,0,1,1,20181209,20190106
6623,1,1,1,1,1,1,1,20181209,20190105
4712,1,1,1,1,1,1,1,20181105,20181207
6642,0,0,0,0,1,0,1,20181109,20181207
14411,0,0,0,0,0,0,1,20181111,20181202
4549,1,1,1,1,1,1,0,20181105,20181208
14412,1,1,1,1,0,0,0,20181105,20181206
14413,0,0,0,0,0,1,1,20181111,20181208
14414,1,1,1,0,0,0,0,20181105,20181114
14415,0,0,0,0,0,1,0,20181110,20181117
14416,1,1,1,1,1,0,0,20181105,20181207
14417,0,0,0,0,0,1,1,20181110,20181118
14418,0,0,0,0,1,1,1,20181119,20181208
14419,1,1,1,1,1,0,0,20181115,20181123
14420,1,1,1,1,1,0,0,20181105,20181207
1248,1,1,1,1,1,1,0,20181119,20181208
14421,0,0,0,0,0,1,0,20181110,20181208
6626,1,0,0,0,1,0,0,20181126,20181130
14422,0,1,1,1,0,1,1,20181119,20181208
14423,0,0,0,0,0,1,0,20181110,20181117
14424,1,1,1,1,1,1,0,20181128,20181208
6646,1,1,1,1,1,0,1,20181105,20181127
14425,1,1,1,1,1,1,1,20181105,20181123
6629,1,1,1,1,1,1,1,20181209,20190203
6631,1,0,1,1,1,0,0,20181221,20190104
6640,0,0,0,0,1,0,1,20181209,20190203
6641,1,1,1,1,1,0,0,20190107,20190201
6634,0,0,0,0,0,1,1,20190202,20190203
6639,1,1,1,1,0,0,1,20181209,20190203
6624,1,1,1,1,1,1,0,20181210,20190202
3678,0,0,0,0,0,1,1,20181209,20190127
6645,0,0,0,0,0,0,1,20181209,20190203
6630,0,0,0,0,0,0,1,20181209,20190203
6625,1,1,1,1,1,1,1,20181209,20190203
6652,0,0,1,1,1,0,0,20181214,20190104
6655,1,0,0,0,1,0,0,20181210,20190107
6653,0,0,1,0,1,0,0,20181224,20190107
4837,0,0,0,0,0,0,1,20181209,20190106
6657,1,0,0,0,1,0,0,20181105,20181207
1319,0,0,0,0,0,1,0,20181110,20181208
6654,0,0,0,0,0,0,1,20181111,20181118
1627,0,0,0,0,0,1,0,20181110,20181208
4475,0,0,0,0,0,1,0,20181124,20181208
6671,1,1,1,1,1,0,0,20181105,20181208
6668,1,1,1,1,1,1,1,20181119,20181208
14428,1,1,1,1,1,0,0,20181121,20181130
14429,1,1,1,1,1,0,0,20181105,20181116
14430,0,0,0,0,0,1,1,20181124,20181208
6670,1,1,1,1,1,1,1,20181209,20190203
6665,0,0,0,0,0,1,0,20190119,20190202
14431,0,0,0,0,0,1,1,20181209,20181223
6659,0,0,0,0,0,1,1,20181215,20190113
6666,1,1,1,1,1,1,1,20181209,20190106
6675,0,0,0,0,0,1,1,20181117,20181208
3245,0,0,0,0,0,0,1,20181209,20190127
6672,1,1,1,1,1,0,0,20181105,20181109
306,0,0,0,0,0,1,0,20181215,20190126
563,1,1,1,1,1,0,0,20181112,20181207
4411,0,0,0,0,0,1,0,20181215,20190202
6762,0,0,0,0,1,0,0,20181231,20190127
6764,1,1,1,1,0,0,1,20181209,20190113
6686,0,0,0,0,0,0,1,20181209,20190113
14432,0,0,0,0,0,0,1,20181111,20181118
6697,1,1,1,1,1,0,0,20181224,20190106
6693,1,1,1,1,1,0,1,20181105,20181111
14433,1,1,1,1,1,0,0,20181105,20181125
6694,1,1,1,1,1,1,1,20181209,20190203
6691,1,1,1,1,1,0,0,20181210,20190201
1637,1,1,1,1,1,0,0,20181210,20190104
6676,1,1,1,1,1,1,1,20181209,20190203
981,1,1,1,1,1,0,0,20190107,20190111
14434,1,1,1,1,1,1,1,20181112,20181208
2947,1,1,1,1,1,0,0,20181105,20181207
4172,1,1,1,1,1,1,1,20181126,20181208
5925,1,1,1,1,1,0,1,20181126,20181207
6684,1,1,1,1,1,1,1,20181105,20181111
6678,1,1,1,1,1,1,0,20181105,20181110
6683,1,1,1,1,1,1,1,20181209,20190203
14435,1,1,1,1,1,0,1,20181105,20181125
6701,1,0,0,0,1,0,0,20190128,20190201
6705,1,1,1,1,0,0,0,20181210,20181223
6698,1,1,1,1,1,1,1,20181112,20181208
6723,1,1,0,0,1,0,0,20190128,20190201
6744,1,1,1,1,1,0,0,20181210,20181223
6746,0,0,0,0,0,1,0,20181215,20190126
6730,1,1,1,1,1,1,1,20181209,20190203
6724,1,1,1,1,1,0,1,20181209,20190203
6726,0,0,0,0,0,1,0,20181215,20190126
6749,0,0,0,0,0,1,0,20181215,20190126
6737,0,0,0,0,1,0,1,20181209,20190127
6758,0,0,0,0,1,0,1,20190201,20190203
6756,1,1,1,1,1,0,1,20181209,20190127
6722,1,1,1,1,1,0,0,20181210,20181223
6739,0,0,0,0,1,0,1,20190201,20190203
6747,0,0,0,0,0,0,1,20181209,20190127
6742,1,1,1,1,0,0,0,20181210,20190131
14436,1,1,1,1,1,0,0,20181105,20181130
14437,0,0,0,0,0,1,0,20181110,20181117
6710,0,0,0,0,0,0,1,20181209,20190203
6706,1,1,1,1,1,0,0,20181210,20181223
14438,0,0,0,0,0,0,1,20181111,20181202
6717,1,0,1,1,1,0,0,20181224,20190104
6721,0,0,0,0,0,0,1,20181209,20190203
4761,0,0,0,0,1,0,1,20181116,20181118
6732,0,0,0,0,1,0,1,20181123,20181130
2993,0,0,0,0,0,0,1,20181202,20181207
14443,0,0,0,0,0,1,1,20181118,20181208
6755,1,1,1,1,1,0,1,20181119,20181130
6752,1,1,1,1,1,0,1,20181112,20181118
6753,1,1,1,1,1,0,0,20181105,20181109
6727,1,1,1,1,1,0,0,20181105,20181109
6725,1,1,1,1,1,0,0,20181105,20181109
6760,1,1,1,1,1,0,1,20181105,20181111
14445,1,0,0,0,0,0,0,20181119,20181203
14446,0,0,0,0,0,1,0,20181110,20181117
14447,0,1,1,1,1,0,0,20181120,20181207
14448,0,1,1,1,1,0,0,20181106,20181109
14449,0,0,0,0,0,0,1,20181125,20181202
14450,0,1,1,1,1,0,0,20181113,20181116
14451,0,0,0,0,0,1,0,20181201,20181208
14455,0,0,0,0,0,0,1,20181109,20181207
14456,0,0,0,0,1,0,0,20181109,20181130
14457,0,0,0,0,0,0,1,20181119,20181207
7658,0,0,0,0,0,0,1,20181119,20181125
14458,0,0,0,0,0,1,0,20181110,20181117
5997,0,0,0,0,1,0,0,20181109,20181123
7663,0,0,0,0,0,0,1,20181119,20181125
7661,0,0,0,0,1,0,0,20181109,20181123
14459,0,0,0,1,1,1,0,20181221,20190104
14460,1,1,1,1,1,1,0,20181210,20190202
7664,0,0,0,0,0,0,1,20181209,20190203
14461,1,1,1,1,1,1,0,20190107,20190202
14462,0,0,0,0,1,1,0,20181222,20190105
14463,0,0,0,0,0,0,1,20181223,20181230
14464,0,0,0,0,0,0,1,20181231,20190120
1588,0,0,0,0,1,0,0,20181214,20190201
7678,1,1,1,1,0,0,0,20181210,20190131
2266,0,0,0,0,0,1,0,20181215,20190112
14465,0,0,0,0,1,1,0,20181214,20190201
14466,1,1,1,1,1,0,1,20181209,20190201
7700,0,0,0,0,0,0,1,20190127,20190203
7701,0,0,0,0,0,0,1,20181209,20190203
2265,0,0,0,0,0,1,1,20181209,20181223
184,1,1,1,1,1,0,0,20181210,20190201
14467,0,0,0,0,0,1,0,20181215,20190105
14468,1,1,1,1,0,0,0,20181210,20190131
14469,1,1,1,1,1,0,0,20181210,20190201
14470,1,1,1,1,1,0,0,20181210,20190201
14471,0,0,0,0,1,1,0,20181214,20190201
14472,0,0,0,0,0,0,1,20181209,20181223
7690,0,0,0,0,1,0,0,20181214,20190201
1097,0,0,0,0,0,0,1,20190127,20190203
7691,0,0,0,0,0,0,1,20181209,20181223
7697,1,1,1,1,0,0,0,20181210,20190131
7686,0,0,0,0,0,1,1,20181209,20181223
1504,1,1,1,1,1,0,0,20181105,20181116
7754,1,1,1,1,1,0,0,20181105,20181116
1549,1,1,1,1,1,1,1,20181105,20181116
7713,1,1,1,1,1,1,0,20181105,20181116
7772,1,1,1,1,0,1,1,20181105,20181115
7775,1,1,1,1,0,1,1,20181117,20181208
7725,1,1,1,1,1,1,1,20181105,20181116
7764,0,0,0,0,1,0,0,20181109,20181116
7718,1,1,1,1,1,1,0,20181117,20181208
7737,1,1,1,1,1,1,1,20181105,20181116
7726,0,0,0,0,0,1,1,20181117,20181125
7720,1,1,1,1,1,1,1,20181105,20181116
79,0,0,0,0,0,0,1,20181118,20181202
14473,1,1,1,1,1,0,1,20181105,20181116
7770,1,1,1,1,1,0,1,20181118,20181207
7776,1,1,1,1,1,0,1,20181117,20181208
7769,1,1,1,1,1,0,1,20181105,20181116
7706,0,1,1,1,1,0,0,20181106,20181116
7703,1,0,0,0,0,0,0,20181105,20181112
7758,1,1,1,1,1,1,1,20181117,20181208
7755,1,1,1,1,1,1,1,20181105,20181116
7746,1,1,1,1,1,1,1,20181105,20181116
7743,1,1,1,1,1,1,0,20181105,20181116
7734,1,1,1,1,1,0,0,20190121,20190201
5214,0,0,0,0,1,0,0,20181214,20190118
7774,1,1,1,1,0,1,1,20181209,20190131
7722,1,1,1,1,1,1,1,20181209,20190201
7729,1,1,1,1,1,1,1,20181209,20190120
276,0,0,0,0,0,0,1,20181209,20190120
7727,0,1,1,1,0,0,0,20190129,20190131
7752,1,1,1,1,1,0,0,20181210,20190201
7714,1,1,1,1,1,1,0,20181210,20181223
7748,1,1,1,1,0,0,0,20190121,20190124
284,1,1,1,1,1,0,0,20190128,20190201
1561,1,1,1,1,1,0,0,20190114,20190201
2288,1,1,1,1,1,0,0,20181210,20181223
7767,1,0,0,0,1,0,0,20190125,20190201
7710,0,1,1,1,0,0,0,20190115,20190131
7711,0,0,0,1,1,0,0,20181211,20190111
7768,1,1,1,1,1,0,1,20190107,20190131
7760,0,0,0,0,0,0,1,20190120,20190125
7761,1,1,1,1,1,1,1,20181209,20190113
7709,0,0,0,0,1,0,0,20190125,20190201
1088,1,0,0,0,0,0,0,20190114,20190121
2285,1,1,1,1,1,1,1,20181209,20190113
7733,1,1,1,1,1,0,1,20190114,20190131
2259,0,0,0,0,0,0,1,20181209,20181223
7738,1,1,1,1,1,0,0,20190121,20190125
7750,0,0,0,0,0,1,1,20190112,20190113
7740,1,1,1,1,1,0,0,20190128,20190201
7741,1,1,1,1,1,1,0,20181210,20181223
13217,1,1,1,1,1,1,0,20181105,20181208
150,1,1,1,1,1,0,1,20181105,20181207
2158,0,0,0,0,0,1,0,20181110,20181208
3334,1,1,1,1,1,1,1,20181105,20181208
14474,1,1,1,1,1,1,1,20181105,20181208
1683,1,1,1,1,1,0,0,20181105,20181207
13219,0,0,0,0,0,1,1,20181110,20181208
13221,0,0,0,0,0,1,0,20181110,20181208
13226,1,1,1,1,1,1,1,20181105,20181208
6430,0,0,0,0,0,1,1,20181110,20181208
4613,1,1,1,1,1,0,0,20181126,20181130
13225,1,1,1,1,1,1,0,20181105,20181208
13224,1,1,1,1,1,1,1,20181105,20181208
14475,0,0,0,0,0,1,0,20181110,20181208
6404,1,1,1,1,1,1,0,20181105,20181208
13235,1,1,1,1,1,0,1,20181105,20181207
13236,1,1,1,1,1,1,0,20181105,20181208
14476,1,1,1,1,1,0,0,20181105,20181207
14477,1,1,1,1,1,0,0,20181105,20181207
14478,1,1,1,1,1,0,0,20181105,20181207
13255,0,0,0,0,0,1,0,20181109,20181208
13260,0,0,0,0,1,1,1,20181119,20181208
6023,1,1,1,0,0,0,0,20181112,20181114
13278,1,1,1,1,0,0,0,20181105,20181118
13268,1,1,1,1,1,1,1,20181119,20181208
14479,1,1,1,1,1,0,0,20181105,20181207
1595,0,0,0,0,0,1,1,20181111,20181208
14480,0,0,0,0,0,0,1,20181111,20181202
13266,1,1,1,1,1,1,1,20181119,20181208
14481,0,0,0,0,0,1,1,20181111,20181208
14482,1,1,1,1,1,0,0,20181105,20181207
13267,1,1,1,1,0,0,0,20181105,20181115
1604,1,1,1,1,1,1,1,20181119,20181208
13257,0,0,0,0,0,1,0,20181110,20181208
13274,1,1,1,1,1,0,0,20181105,20181207
1256,1,1,1,1,1,0,1,20181119,20181207
13287,0,0,0,0,1,1,1,20181109,20181207
13271,1,1,1,1,1,1,1,20181108,20181208
13284,0,0,0,0,0,1,0,20181123,20181208
13280,1,1,1,1,1,0,0,20181105,20181207
13270,1,1,1,1,1,1,0,20181119,20181208
4581,1,1,1,1,1,1,0,20181119,20181208
13276,1,1,1,1,1,1,1,20181105,20181208
4403,1,1,1,1,1,1,1,20181119,20181208
13264,1,1,1,1,1,0,0,20181126,20181207
13273,0,0,0,0,0,1,1,20181111,20181208
1297,0,0,0,0,0,1,1,20181124,20181208
4465,1,1,1,1,1,1,0,20181105,20181208
13290,0,0,0,0,1,1,1,20181209,20181223
13272,0,0,0,0,0,1,1,20181209,20190203
13259,0,0,0,0,0,1,1,20181209,20190203
13263,1,1,1,1,1,0,0,20181210,20190201
1656,0,0,0,0,0,1,0,20181215,20190202
13288,1,1,1,1,1,1,1,20181221,20190105
13277,1,1,1,1,1,1,1,20181222,20190106
13285,1,1,1,1,1,1,1,20181221,20190105
4228,1,1,1,1,1,1,1,20181221,20190106
14483,1,1,1,1,1,1,1,20181222,20190106
14486,1,1,1,1,1,1,1,20181222,20190105
13292,0,0,0,0,0,1,1,20181209,20190203
13291,0,0,0,0,0,1,1,20181209,20190203
